  0.000000  -0.166774   0.969068
  0.001000  -0.166792   0.969065
  0.002000  -0.166809   0.969062
  0.003000  -0.166826   0.969059
  0.004000  -0.166843   0.969056
  0.005000  -0.166861   0.969053
  0.006000  -0.166878   0.969050
  0.007000  -0.166895   0.969047
  0.008000  -0.166912   0.969044
  0.009000  -0.166929   0.969041
  0.010000  -0.166947   0.969038
  0.011000  -0.166964   0.969035
  0.012000  -0.166981   0.969032
  0.013000  -0.166998   0.969029
  0.014000  -0.167016   0.969026
  0.015000  -0.167033   0.969023
  0.016000  -0.167050   0.969020
  0.017000  -0.167067   0.969017
  0.018000  -0.167085   0.969014
  0.019000  -0.167102   0.969011
  0.020000  -0.167119   0.969008
  0.021000  -0.167136   0.969005
  0.022000  -0.167154   0.969002
  0.023000  -0.167171   0.968999
  0.024000  -0.167188   0.968996
  0.025000  -0.167205   0.968993
  0.026000  -0.167222   0.968990
  0.027000  -0.167240   0.968987
  0.028000  -0.167257   0.968984
  0.029000  -0.167274   0.968981
  0.030000  -0.167291   0.968978
  0.031000  -0.167309   0.968975
  0.032000  -0.167326   0.968972
  0.033000  -0.167343   0.968969
  0.034000  -0.167360   0.968966
  0.035000  -0.167378   0.968963
  0.036000  -0.167395   0.968960
  0.037000  -0.167412   0.968957
  0.038000  -0.167429   0.968954
  0.039000  -0.167446   0.968951
  0.040000  -0.167464   0.968948
  0.041000  -0.167481   0.968945
  0.042000  -0.167498   0.968942
  0.043000  -0.167515   0.968939
  0.044000  -0.167533   0.968936
  0.045000  -0.167550   0.968933
  0.046000  -0.167567   0.968930
  0.047000  -0.167584   0.968927
  0.048000  -0.167602   0.968924
  0.049000  -0.167619   0.968921
  0.050000  -0.167636   0.968918
  0.051000  -0.167653   0.968915
  0.052000  -0.167671   0.968912
  0.053000  -0.167688   0.968909
  0.054000  -0.167705   0.968906
  0.055000  -0.167722   0.968903
  0.056000  -0.167739   0.968900
  0.057000  -0.167757   0.968897
  0.058000  -0.167774   0.968894
  0.059000  -0.167791   0.968891
  0.060000  -0.167808   0.968888
  0.061000  -0.167826   0.968885
  0.062000  -0.167843   0.968882
  0.063000  -0.167860   0.968879
  0.064000  -0.167877   0.968876
  0.065000  -0.167895   0.968874
  0.066000  -0.167912   0.968871
  0.067000  -0.167929   0.968868
  0.068000  -0.167946   0.968865
  0.069000  -0.167963   0.968862
  0.070000  -0.167981   0.968859
  0.071000  -0.167998   0.968856
  0.072000  -0.168015   0.968853
  0.073000  -0.168032   0.968850
  0.074000  -0.168050   0.968847
  0.075000  -0.168067   0.968844
  0.076000  -0.168084   0.968841
  0.077000  -0.168101   0.968838
  0.078000  -0.168119   0.968835
  0.079000  -0.168136   0.968832
  0.080000  -0.168153   0.968829
  0.081000  -0.168170   0.968826
  0.082000  -0.168187   0.968823
  0.083000  -0.168205   0.968820
  0.084000  -0.168222   0.968817
  0.085000  -0.168239   0.968814
  0.086000  -0.168256   0.968811
  0.087000  -0.168274   0.968808
  0.088000  -0.168291   0.968805
  0.089000  -0.168308   0.968802
  0.090000  -0.168325   0.968799
  0.091000  -0.168343   0.968796
  0.092000  -0.168360   0.968793
  0.093000  -0.168377   0.968790
  0.094000  -0.168394   0.968787
  0.095000  -0.168411   0.968783
  0.096000  -0.168429   0.968780
  0.097000  -0.168446   0.968777
  0.098000  -0.168463   0.968774
  0.099000  -0.168480   0.968771
  0.100000  -0.168498   0.968768
  0.101000  -0.168515   0.968765
  0.102000  -0.168532   0.968762
  0.103000  -0.168549   0.968759
  0.104000  -0.168567   0.968756
  0.105000  -0.168584   0.968753
  0.106000  -0.168601   0.968750
  0.107000  -0.168618   0.968747
  0.108000  -0.168635   0.968744
  0.109000  -0.168653   0.968741
  0.110000  -0.168670   0.968738
  0.111000  -0.168687   0.968735
  0.112000  -0.168704   0.968732
  0.113000  -0.168722   0.968729
  0.114000  -0.168739   0.968726
  0.115000  -0.168756   0.968723
  0.116000  -0.168773   0.968720
  0.117000  -0.168790   0.968717
  0.118000  -0.168808   0.968714
  0.119000  -0.168825   0.968711
  0.120000  -0.168842   0.968708
  0.121000  -0.168859   0.968705
  0.122000  -0.168877   0.968702
  0.123000  -0.168894   0.968699
  0.124000  -0.168911   0.968696
  0.125000  -0.168928   0.968693
  0.126000  -0.168946   0.968690
  0.127000  -0.168963   0.968687
  0.128000  -0.168980   0.968684
  0.129000  -0.168997   0.968681
  0.130000  -0.169014   0.968678
  0.131000  -0.169032   0.968675
  0.132000  -0.169049   0.968672
  0.133000  -0.169066   0.968669
  0.134000  -0.169083   0.968666
  0.135000  -0.169101   0.968663
  0.136000  -0.169118   0.968660
  0.137000  -0.169135   0.968657
  0.138000  -0.169152   0.968654
  0.139000  -0.169169   0.968651
  0.140000  -0.169187   0.968648
  0.141000  -0.169204   0.968645
  0.142000  -0.169221   0.968642
  0.143000  -0.169238   0.968639
  0.144000  -0.169256   0.968636
  0.145000  -0.169273   0.968633
  0.146000  -0.169290   0.968630
  0.147000  -0.169307   0.968627
  0.148000  -0.169325   0.968624
  0.149000  -0.169342   0.968621
  0.150000  -0.169359   0.968618
  0.151000  -0.169376   0.968615
  0.152000  -0.169393   0.968612
  0.153000  -0.169411   0.968609
  0.154000  -0.169428   0.968606
  0.155000  -0.169445   0.968603
  0.156000  -0.169462   0.968600
  0.157000  -0.169480   0.968597
  0.158000  -0.169497   0.968594
  0.159000  -0.169514   0.968591
  0.160000  -0.169531   0.968588
  0.161000  -0.169548   0.968585
  0.162000  -0.169566   0.968582
  0.163000  -0.169583   0.968578
  0.164000  -0.169600   0.968575
  0.165000  -0.169617   0.968572
  0.166000  -0.169635   0.968569
  0.167000  -0.169652   0.968566
  0.168000  -0.169669   0.968563
  0.169000  -0.169686   0.968560
  0.170000  -0.169704   0.968557
  0.171000  -0.169721   0.968554
  0.172000  -0.169738   0.968551
  0.173000  -0.169755   0.968548
  0.174000  -0.169772   0.968545
  0.175000  -0.169790   0.968542
  0.176000  -0.169807   0.968539
  0.177000  -0.169824   0.968536
  0.178000  -0.169841   0.968533
  0.179000  -0.169859   0.968530
  0.180000  -0.169876   0.968527
  0.181000  -0.169893   0.968524
  0.182000  -0.169910   0.968521
  0.183000  -0.169927   0.968518
  0.184000  -0.169945   0.968515
  0.185000  -0.169962   0.968512
  0.186000  -0.169979   0.968509
  0.187000  -0.169996   0.968506
  0.188000  -0.170014   0.968503
  0.189000  -0.170031   0.968500
  0.190000  -0.170048   0.968497
  0.191000  -0.170065   0.968494
  0.192000  -0.170082   0.968491
  0.193000  -0.170100   0.968488
  0.194000  -0.170117   0.968485
  0.195000  -0.170134   0.968482
  0.196000  -0.170151   0.968478
  0.197000  -0.170169   0.968475
  0.198000  -0.170186   0.968472
  0.199000  -0.170203   0.968469
  0.200000  -0.170220   0.968466
  0.201000  -0.170237   0.968463
  0.202000  -0.170255   0.968460
  0.203000  -0.170272   0.968457
  0.204000  -0.170289   0.968454
  0.205000  -0.170306   0.968451
  0.206000  -0.170324   0.968448
  0.207000  -0.170341   0.968445
  0.208000  -0.170358   0.968442
  0.209000  -0.170375   0.968439
  0.210000  -0.170393   0.968436
  0.211000  -0.170410   0.968433
  0.212000  -0.170427   0.968430
  0.213000  -0.170444   0.968427
  0.214000  -0.170461   0.968424
  0.215000  -0.170479   0.968421
  0.216000  -0.170496   0.968418
  0.217000  -0.170513   0.968415
  0.218000  -0.170530   0.968412
  0.219000  -0.170548   0.968409
  0.220000  -0.170565   0.968406
  0.221000  -0.170582   0.968403
  0.222000  -0.170599   0.968399
  0.223000  -0.170616   0.968396
  0.224000  -0.170634   0.968393
  0.225000  -0.170651   0.968390
  0.226000  -0.170668   0.968387
  0.227000  -0.170685   0.968384
  0.228000  -0.170703   0.968381
  0.229000  -0.170720   0.968378
  0.230000  -0.170737   0.968375
  0.231000  -0.170754   0.968372
  0.232000  -0.170771   0.968369
  0.233000  -0.170789   0.968366
  0.234000  -0.170806   0.968363
  0.235000  -0.170823   0.968360
  0.236000  -0.170840   0.968357
  0.237000  -0.170858   0.968354
  0.238000  -0.170875   0.968351
  0.239000  -0.170892   0.968348
  0.240000  -0.170909   0.968345
  0.241000  -0.170926   0.968342
  0.242000  -0.170944   0.968339
  0.243000  -0.170961   0.968335
  0.244000  -0.170978   0.968332
  0.245000  -0.170995   0.968329
  0.246000  -0.171013   0.968326
  0.247000  -0.171030   0.968323
  0.248000  -0.171047   0.968320
  0.249000  -0.171064   0.968317
  0.250000  -0.171081   0.968314
  0.251000  -0.171099   0.968311
  0.252000  -0.171116   0.968308
  0.253000  -0.171133   0.968305
  0.254000  -0.171150   0.968302
  0.255000  -0.171168   0.968299
  0.256000  -0.171185   0.968296
  0.257000  -0.171202   0.968293
  0.258000  -0.171219   0.968290
  0.259000  -0.171236   0.968287
  0.260000  -0.171254   0.968284
  0.261000  -0.171271   0.968281
  0.262000  -0.171288   0.968277
  0.263000  -0.171305   0.968274
  0.264000  -0.171323   0.968271
  0.265000  -0.171340   0.968268
  0.266000  -0.171357   0.968265
  0.267000  -0.171374   0.968262
  0.268000  -0.171391   0.968259
  0.269000  -0.171409   0.968256
  0.270000  -0.171426   0.968253
  0.271000  -0.171443   0.968250
  0.272000  -0.171460   0.968247
  0.273000  -0.171477   0.968244
  0.274000  -0.171495   0.968241
  0.275000  -0.171512   0.968238
  0.276000  -0.171529   0.968235
  0.277000  -0.171546   0.968232
  0.278000  -0.171564   0.968229
  0.279000  -0.171581   0.968226
  0.280000  -0.171598   0.968222
  0.281000  -0.171615   0.968219
  0.282000  -0.171632   0.968216
  0.283000  -0.171650   0.968213
  0.284000  -0.171667   0.968210
  0.285000  -0.171684   0.968207
  0.286000  -0.171701   0.968204
  0.287000  -0.171719   0.968201
  0.288000  -0.171736   0.968198
  0.289000  -0.171753   0.968195
  0.290000  -0.171770   0.968192
  0.291000  -0.171787   0.968189
  0.292000  -0.171805   0.968186
  0.293000  -0.171822   0.968183
  0.294000  -0.171839   0.968180
  0.295000  -0.171856   0.968177
  0.296000  -0.171874   0.968173
  0.297000  -0.171891   0.968170
  0.298000  -0.171908   0.968167
  0.299000  -0.171925   0.968164
  0.300000  -0.171942   0.968161
  0.301000  -0.171960   0.968158
  0.302000  -0.171977   0.968155
  0.303000  -0.171994   0.968152
  0.304000  -0.172011   0.968149
  0.305000  -0.172029   0.968146
  0.306000  -0.172046   0.968143
  0.307000  -0.172063   0.968140
  0.308000  -0.172080   0.968137
  0.309000  -0.172097   0.968134
  0.310000  -0.172115   0.968131
  0.311000  -0.172132   0.968127
  0.312000  -0.172149   0.968124
  0.313000  -0.172166   0.968121
  0.314000  -0.172183   0.968118
  0.315000  -0.172201   0.968115
  0.316000  -0.172218   0.968112
  0.317000  -0.172235   0.968109
  0.318000  -0.172252   0.968106
  0.319000  -0.172270   0.968103
  0.320000  -0.172287   0.968100
  0.321000  -0.172304   0.968097
  0.322000  -0.172321   0.968094
  0.323000  -0.172338   0.968091
  0.324000  -0.172356   0.968088
  0.325000  -0.172373   0.968084
  0.326000  -0.172390   0.968081
  0.327000  -0.172407   0.968078
  0.328000  -0.172425   0.968075
  0.329000  -0.172442   0.968072
  0.330000  -0.172459   0.968069
  0.331000  -0.172476   0.968066
  0.332000  -0.172493   0.968063
  0.333000  -0.172511   0.968060
  0.334000  -0.172528   0.968057
  0.335000  -0.172545   0.968054
  0.336000  -0.172562   0.968051
  0.337000  -0.172579   0.968048
  0.338000  -0.172597   0.968044
  0.339000  -0.172614   0.968041
  0.340000  -0.172631   0.968038
  0.341000  -0.172648   0.968035
  0.342000  -0.172666   0.968032
  0.343000  -0.172683   0.968029
  0.344000  -0.172700   0.968026
  0.345000  -0.172717   0.968023
  0.346000  -0.172734   0.968020
  0.347000  -0.172752   0.968017
  0.348000  -0.172769   0.968014
  0.349000  -0.172786   0.968011
  0.350000  -0.172803   0.968007
  0.351000  -0.172821   0.968004
  0.352000  -0.172838   0.968001
  0.353000  -0.172855   0.967998
  0.354000  -0.172872   0.967995
  0.355000  -0.172889   0.967992
  0.356000  -0.172907   0.967989
  0.357000  -0.172924   0.967986
  0.358000  -0.172941   0.967983
  0.359000  -0.172958   0.967980
  0.360000  -0.172975   0.967977
  0.361000  -0.172993   0.967974
  0.362000  -0.173010   0.967970
  0.363000  -0.173027   0.967967
  0.364000  -0.173044   0.967964
  0.365000  -0.173062   0.967961
  0.366000  -0.173079   0.967958
  0.367000  -0.173096   0.967955
  0.368000  -0.173113   0.967952
  0.369000  -0.173130   0.967949
  0.370000  -0.173148   0.967946
  0.371000  -0.173165   0.967943
  0.372000  -0.173182   0.967940
  0.373000  -0.173199   0.967937
  0.374000  -0.173216   0.967933
  0.375000  -0.173234   0.967930
  0.376000  -0.173251   0.967927
  0.377000  -0.173268   0.967924
  0.378000  -0.173285   0.967921
  0.379000  -0.173303   0.967918
  0.380000  -0.173320   0.967915
  0.381000  -0.173337   0.967912
  0.382000  -0.173354   0.967909
  0.383000  -0.173371   0.967906
  0.384000  -0.173389   0.967903
  0.385000  -0.173406   0.967899
  0.386000  -0.173423   0.967896
  0.387000  -0.173440   0.967893
  0.388000  -0.173457   0.967890
  0.389000  -0.173475   0.967887
  0.390000  -0.173492   0.967884
  0.391000  -0.173509   0.967881
  0.392000  -0.173526   0.967878
  0.393000  -0.173544   0.967875
  0.394000  -0.173561   0.967872
  0.395000  -0.173578   0.967869
  0.396000  -0.173595   0.967865
  0.397000  -0.173612   0.967862
  0.398000  -0.173630   0.967859
  0.399000  -0.173647   0.967856
  0.400000  -0.173664   0.967853
  0.401000  -0.173681   0.967850
  0.402000  -0.173698   0.967847
  0.403000  -0.173716   0.967844
  0.404000  -0.173733   0.967841
  0.405000  -0.173750   0.967838
  0.406000  -0.173767   0.967834
  0.407000  -0.173785   0.967831
  0.408000  -0.173802   0.967828
  0.409000  -0.173819   0.967825
  0.410000  -0.173836   0.967822
  0.411000  -0.173853   0.967819
  0.412000  -0.173871   0.967816
  0.413000  -0.173888   0.967813
  0.414000  -0.173905   0.967810
  0.415000  -0.173922   0.967807
  0.416000  -0.173939   0.967803
  0.417000  -0.173957   0.967800
  0.418000  -0.173974   0.967797
  0.419000  -0.173991   0.967794
  0.420000  -0.174008   0.967791
  0.421000  -0.174026   0.967788
  0.422000  -0.174043   0.967785
  0.423000  -0.174060   0.967782
  0.424000  -0.174077   0.967779
  0.425000  -0.174094   0.967776
  0.426000  -0.174112   0.967772
  0.427000  -0.174129   0.967769
  0.428000  -0.174146   0.967766
  0.429000  -0.174163   0.967763
  0.430000  -0.174180   0.967760
  0.431000  -0.174198   0.967757
  0.432000  -0.174215   0.967754
  0.433000  -0.174232   0.967751
  0.434000  -0.174249   0.967748
  0.435000  -0.174266   0.967744
  0.436000  -0.174284   0.967741
  0.437000  -0.174301   0.967738
  0.438000  -0.174318   0.967735
  0.439000  -0.174335   0.967732
  0.440000  -0.174353   0.967729
  0.441000  -0.174370   0.967726
  0.442000  -0.174387   0.967723
  0.443000  -0.174404   0.967720
  0.444000  -0.174421   0.967716
  0.445000  -0.174439   0.967713
  0.446000  -0.174456   0.967710
  0.447000  -0.174473   0.967707
  0.448000  -0.174490   0.967704
  0.449000  -0.174507   0.967701
  0.450000  -0.174525   0.967698
  0.451000  -0.174542   0.967695
  0.452000  -0.174559   0.967692
  0.453000  -0.174576   0.967688
  0.454000  -0.174593   0.967685
  0.455000  -0.174611   0.967682
  0.456000  -0.174628   0.967679
  0.457000  -0.174645   0.967676
  0.458000  -0.174662   0.967673
  0.459000  -0.174680   0.967670
  0.460000  -0.174697   0.967667
  0.461000  -0.174714   0.967664
  0.462000  -0.174731   0.967660
  0.463000  -0.174748   0.967657
  0.464000  -0.174766   0.967654
  0.465000  -0.174783   0.967651
  0.466000  -0.174800   0.967648
  0.467000  -0.174817   0.967645
  0.468000  -0.174834   0.967642
  0.469000  -0.174852   0.967639
  0.470000  -0.174869   0.967636
  0.471000  -0.174886   0.967632
  0.472000  -0.174903   0.967629
  0.473000  -0.174920   0.967626
  0.474000  -0.174938   0.967623
  0.475000  -0.174955   0.967620
  0.476000  -0.174972   0.967617
  0.477000  -0.174989   0.967614
  0.478000  -0.175007   0.967611
  0.479000  -0.175024   0.967607
  0.480000  -0.175041   0.967604
  0.481000  -0.175058   0.967601
  0.482000  -0.175075   0.967598
  0.483000  -0.175093   0.967595
  0.484000  -0.175110   0.967592
  0.485000  -0.175127   0.967589
  0.486000  -0.175144   0.967586
  0.487000  -0.175161   0.967582
  0.488000  -0.175179   0.967579
  0.489000  -0.175196   0.967576
  0.490000  -0.175213   0.967573
  0.491000  -0.175230   0.967570
  0.492000  -0.175247   0.967567
  0.493000  -0.175265   0.967564
  0.494000  -0.175282   0.967561
  0.495000  -0.175299   0.967557
  0.496000  -0.175316   0.967554
  0.497000  -0.175333   0.967551
  0.498000  -0.175351   0.967548
  0.499000  -0.175368   0.967545
  0.500000  -0.175385   0.967542
  0.501000  -0.175402   0.967539
  0.502000  -0.175420   0.967536
  0.503000  -0.175437   0.967532
  0.504000  -0.175454   0.967529
  0.505000  -0.175471   0.967526
  0.506000  -0.175488   0.967523
  0.507000  -0.175506   0.967520
  0.508000  -0.175523   0.967517
  0.509000  -0.175540   0.967514
  0.510000  -0.175557   0.967511
  0.511000  -0.175574   0.967507
  0.512000  -0.175592   0.967504
  0.513000  -0.175609   0.967501
  0.514000  -0.175626   0.967498
  0.515000  -0.175643   0.967495
  0.516000  -0.175660   0.967492
  0.517000  -0.175678   0.967489
  0.518000  -0.175695   0.967486
  0.519000  -0.175712   0.967482
  0.520000  -0.175729   0.967479
  0.521000  -0.175746   0.967476
  0.522000  -0.175764   0.967473
  0.523000  -0.175781   0.967470
  0.524000  -0.175798   0.967467
  0.525000  -0.175815   0.967464
  0.526000  -0.175833   0.967460
  0.527000  -0.175850   0.967457
  0.528000  -0.175867   0.967454
  0.529000  -0.175884   0.967451
  0.530000  -0.175901   0.967448
  0.531000  -0.175919   0.967445
  0.532000  -0.175936   0.967442
  0.533000  -0.175953   0.967438
  0.534000  -0.175970   0.967435
  0.535000  -0.175987   0.967432
  0.536000  -0.176005   0.967429
  0.537000  -0.176022   0.967426
  0.538000  -0.176039   0.967423
  0.539000  -0.176056   0.967420
  0.540000  -0.176073   0.967417
  0.541000  -0.176091   0.967413
  0.542000  -0.176108   0.967410
  0.543000  -0.176125   0.967407
  0.544000  -0.176142   0.967404
  0.545000  -0.176159   0.967401
  0.546000  -0.176177   0.967398
  0.547000  -0.176194   0.967395
  0.548000  -0.176211   0.967391
  0.549000  -0.176228   0.967388
  0.550000  -0.176245   0.967385
  0.551000  -0.176263   0.967382
  0.552000  -0.176280   0.967379
  0.553000  -0.176297   0.967376
  0.554000  -0.176314   0.967373
  0.555000  -0.176331   0.967369
  0.556000  -0.176349   0.967366
  0.557000  -0.176366   0.967363
  0.558000  -0.176383   0.967360
  0.559000  -0.176400   0.967357
  0.560000  -0.176418   0.967354
  0.561000  -0.176435   0.967351
  0.562000  -0.176452   0.967347
  0.563000  -0.176469   0.967344
  0.564000  -0.176486   0.967341
  0.565000  -0.176504   0.967338
  0.566000  -0.176521   0.967335
  0.567000  -0.176538   0.967332
  0.568000  -0.176555   0.967329
  0.569000  -0.176572   0.967325
  0.570000  -0.176590   0.967322
  0.571000  -0.176607   0.967319
  0.572000  -0.176624   0.967316
  0.573000  -0.176641   0.967313
  0.574000  -0.176658   0.967310
  0.575000  -0.176676   0.967306
  0.576000  -0.176693   0.967303
  0.577000  -0.176710   0.967300
  0.578000  -0.176727   0.967297
  0.579000  -0.176744   0.967294
  0.580000  -0.176762   0.967291
  0.581000  -0.176779   0.967288
  0.582000  -0.176796   0.967284
  0.583000  -0.176813   0.967281
  0.584000  -0.176830   0.967278
  0.585000  -0.176848   0.967275
  0.586000  -0.176865   0.967272
  0.587000  -0.176882   0.967269
  0.588000  -0.176899   0.967266
  0.589000  -0.176916   0.967262
  0.590000  -0.176934   0.967259
  0.591000  -0.176951   0.967256
  0.592000  -0.176968   0.967253
  0.593000  -0.176985   0.967250
  0.594000  -0.177002   0.967247
  0.595000  -0.177020   0.967243
  0.596000  -0.177037   0.967240
  0.597000  -0.177054   0.967237
  0.598000  -0.177071   0.967234
  0.599000  -0.177088   0.967231
  0.600000  -0.177106   0.967228
  0.601000  -0.177123   0.967225
  0.602000  -0.177140   0.967221
  0.603000  -0.177157   0.967218
  0.604000  -0.177174   0.967215
  0.605000  -0.177192   0.967212
  0.606000  -0.177209   0.967209
  0.607000  -0.177226   0.967206
  0.608000  -0.177243   0.967202
  0.609000  -0.177260   0.967199
  0.610000  -0.177278   0.967196
  0.611000  -0.177295   0.967193
  0.612000  -0.177312   0.967190
  0.613000  -0.177329   0.967187
  0.614000  -0.177346   0.967183
  0.615000  -0.177364   0.967180
  0.616000  -0.177381   0.967177
  0.617000  -0.177398   0.967174
  0.618000  -0.177415   0.967171
  0.619000  -0.177432   0.967168
  0.620000  -0.177450   0.967164
  0.621000  -0.177467   0.967161
  0.622000  -0.177484   0.967158
  0.623000  -0.177501   0.967155
  0.624000  -0.177519   0.967152
  0.625000  -0.177536   0.967149
  0.626000  -0.177553   0.967145
  0.627000  -0.177570   0.967142
  0.628000  -0.177587   0.967139
  0.629000  -0.177605   0.967136
  0.630000  -0.177622   0.967133
  0.631000  -0.177639   0.967130
  0.632000  -0.177656   0.967126
  0.633000  -0.177673   0.967123
  0.634000  -0.177691   0.967120
  0.635000  -0.177708   0.967117
  0.636000  -0.177725   0.967114
  0.637000  -0.177742   0.967111
  0.638000  -0.177759   0.967107
  0.639000  -0.177777   0.967104
  0.640000  -0.177794   0.967101
  0.641000  -0.177811   0.967098
  0.642000  -0.177828   0.967095
  0.643000  -0.177845   0.967092
  0.644000  -0.177863   0.967088
  0.645000  -0.177880   0.967085
  0.646000  -0.177897   0.967082
  0.647000  -0.177914   0.967079
  0.648000  -0.177931   0.967076
  0.649000  -0.177949   0.967073
  0.650000  -0.177966   0.967069
  0.651000  -0.177983   0.967066
  0.652000  -0.178000   0.967063
  0.653000  -0.178017   0.967060
  0.654000  -0.178035   0.967057
  0.655000  -0.178052   0.967054
  0.656000  -0.178069   0.967050
  0.657000  -0.178086   0.967047
  0.658000  -0.178103   0.967044
  0.659000  -0.178121   0.967041
  0.660000  -0.178138   0.967038
  0.661000  -0.178155   0.967035
  0.662000  -0.178172   0.967031
  0.663000  -0.178189   0.967028
  0.664000  -0.178207   0.967025
  0.665000  -0.178224   0.967022
  0.666000  -0.178241   0.967019
  0.667000  -0.178258   0.967015
  0.668000  -0.178275   0.967012
  0.669000  -0.178293   0.967009
  0.670000  -0.178310   0.967006
  0.671000  -0.178327   0.967003
  0.672000  -0.178344   0.967000
  0.673000  -0.178361   0.966996
  0.674000  -0.178378   0.966993
  0.675000  -0.178396   0.966990
  0.676000  -0.178413   0.966987
  0.677000  -0.178430   0.966984
  0.678000  -0.178447   0.966981
  0.679000  -0.178464   0.966977
  0.680000  -0.178482   0.966974
  0.681000  -0.178499   0.966971
  0.682000  -0.178516   0.966968
  0.683000  -0.178533   0.966965
  0.684000  -0.178550   0.966961
  0.685000  -0.178568   0.966958
  0.686000  -0.178585   0.966955
  0.687000  -0.178602   0.966952
  0.688000  -0.178619   0.966949
  0.689000  -0.178636   0.966946
  0.690000  -0.178654   0.966942
  0.691000  -0.178671   0.966939
  0.692000  -0.178688   0.966936
  0.693000  -0.178705   0.966933
  0.694000  -0.178722   0.966930
  0.695000  -0.178740   0.966926
  0.696000  -0.178757   0.966923
  0.697000  -0.178774   0.966920
  0.698000  -0.178791   0.966917
  0.699000  -0.178808   0.966914
  0.700000  -0.178826   0.966910
  0.701000  -0.178843   0.966907
  0.702000  -0.178860   0.966904
  0.703000  -0.178877   0.966901
  0.704000  -0.178894   0.966898
  0.705000  -0.178912   0.966895
  0.706000  -0.178929   0.966891
  0.707000  -0.178946   0.966888
  0.708000  -0.178963   0.966885
  0.709000  -0.178980   0.966882
  0.710000  -0.178998   0.966879
  0.711000  -0.179015   0.966875
  0.712000  -0.179032   0.966872
  0.713000  -0.179049   0.966869
  0.714000  -0.179066   0.966866
  0.715000  -0.179084   0.966863
  0.716000  -0.179101   0.966859
  0.717000  -0.179118   0.966856
  0.718000  -0.179135   0.966853
  0.719000  -0.179152   0.966850
  0.720000  -0.179170   0.966847
  0.721000  -0.179187   0.966843
  0.722000  -0.179204   0.966840
  0.723000  -0.179221   0.966837
  0.724000  -0.179238   0.966834
  0.725000  -0.179256   0.966831
  0.726000  -0.179273   0.966828
  0.727000  -0.179290   0.966824
  0.728000  -0.179307   0.966821
  0.729000  -0.179324   0.966818
  0.730000  -0.179342   0.966815
  0.731000  -0.179359   0.966812
  0.732000  -0.179376   0.966808
  0.733000  -0.179393   0.966805
  0.734000  -0.179410   0.966802
  0.735000  -0.179427   0.966799
  0.736000  -0.179445   0.966796
  0.737000  -0.179462   0.966792
  0.738000  -0.179479   0.966789
  0.739000  -0.179496   0.966786
  0.740000  -0.179513   0.966783
  0.741000  -0.179531   0.966780
  0.742000  -0.179548   0.966776
  0.743000  -0.179565   0.966773
  0.744000  -0.179582   0.966770
  0.745000  -0.179599   0.966767
  0.746000  -0.179617   0.966764
  0.747000  -0.179634   0.966760
  0.748000  -0.179651   0.966757
  0.749000  -0.179668   0.966754
  0.750000  -0.179685   0.966751
  0.751000  -0.179703   0.966748
  0.752000  -0.179720   0.966744
  0.753000  -0.179737   0.966741
  0.754000  -0.179754   0.966738
  0.755000  -0.179771   0.966735
  0.756000  -0.179789   0.966732
  0.757000  -0.179806   0.966728
  0.758000  -0.179823   0.966725
  0.759000  -0.179840   0.966722
  0.760000  -0.179857   0.966719
  0.761000  -0.179875   0.966715
  0.762000  -0.179892   0.966712
  0.763000  -0.179909   0.966709
  0.764000  -0.179926   0.966706
  0.765000  -0.179943   0.966703
  0.766000  -0.179961   0.966699
  0.767000  -0.179978   0.966696
  0.768000  -0.179995   0.966693
  0.769000  -0.180012   0.966690
  0.770000  -0.180029   0.966687
  0.771000  -0.180046   0.966683
  0.772000  -0.180064   0.966680
  0.773000  -0.180081   0.966677
  0.774000  -0.180098   0.966674
  0.775000  -0.180115   0.966671
  0.776000  -0.180132   0.966667
  0.777000  -0.180150   0.966664
  0.778000  -0.180167   0.966661
  0.779000  -0.180184   0.966658
  0.780000  -0.180201   0.966655
  0.781000  -0.180218   0.966651
  0.782000  -0.180236   0.966648
  0.783000  -0.180253   0.966645
  0.784000  -0.180270   0.966642
  0.785000  -0.180287   0.966638
  0.786000  -0.180304   0.966635
  0.787000  -0.180322   0.966632
  0.788000  -0.180339   0.966629
  0.789000  -0.180356   0.966626
  0.790000  -0.180373   0.966622
  0.791000  -0.180390   0.966619
  0.792000  -0.180408   0.966616
  0.793000  -0.180425   0.966613
  0.794000  -0.180442   0.966610
  0.795000  -0.180459   0.966606
  0.796000  -0.180476   0.966603
  0.797000  -0.180493   0.966600
  0.798000  -0.180511   0.966597
  0.799000  -0.180528   0.966593
  0.800000  -0.180545   0.966590
  0.801000  -0.180562   0.966587
  0.802000  -0.180579   0.966584
  0.803000  -0.180597   0.966581
  0.804000  -0.180614   0.966577
  0.805000  -0.180631   0.966574
  0.806000  -0.180648   0.966571
  0.807000  -0.180665   0.966568
  0.808000  -0.180683   0.966565
  0.809000  -0.180700   0.966561
  0.810000  -0.180717   0.966558
  0.811000  -0.180734   0.966555
  0.812000  -0.180751   0.966552
  0.813000  -0.180769   0.966548
  0.814000  -0.180786   0.966545
  0.815000  -0.180803   0.966542
  0.816000  -0.180820   0.966539
  0.817000  -0.180837   0.966536
  0.818000  -0.180854   0.966532
  0.819000  -0.180872   0.966529
  0.820000  -0.180889   0.966526
  0.821000  -0.180906   0.966523
  0.822000  -0.180923   0.966519
  0.823000  -0.180940   0.966516
  0.824000  -0.180958   0.966513
  0.825000  -0.180975   0.966510
  0.826000  -0.180992   0.966507
  0.827000  -0.181009   0.966503
  0.828000  -0.181026   0.966500
  0.829000  -0.181044   0.966497
  0.830000  -0.181061   0.966494
  0.831000  -0.181078   0.966490
  0.832000  -0.181095   0.966487
  0.833000  -0.181112   0.966484
  0.834000  -0.181130   0.966481
  0.835000  -0.181147   0.966477
  0.836000  -0.181164   0.966474
  0.837000  -0.181181   0.966471
  0.838000  -0.181198   0.966468
  0.839000  -0.181215   0.966465
  0.840000  -0.181233   0.966461
  0.841000  -0.181250   0.966458
  0.842000  -0.181267   0.966455
  0.843000  -0.181284   0.966452
  0.844000  -0.181301   0.966448
  0.845000  -0.181319   0.966445
  0.846000  -0.181336   0.966442
  0.847000  -0.181353   0.966439
  0.848000  -0.181370   0.966435
  0.849000  -0.181387   0.966432
  0.850000  -0.181405   0.966429
  0.851000  -0.181422   0.966426
  0.852000  -0.181439   0.966423
  0.853000  -0.181456   0.966419
  0.854000  -0.181473   0.966416
  0.855000  -0.181491   0.966413
  0.856000  -0.181508   0.966410
  0.857000  -0.181525   0.966406
  0.858000  -0.181542   0.966403
  0.859000  -0.181559   0.966400
  0.860000  -0.181576   0.966397
  0.861000  -0.181594   0.966393
  0.862000  -0.181611   0.966390
  0.863000  -0.181628   0.966387
  0.864000  -0.181645   0.966384
  0.865000  -0.181662   0.966381
  0.866000  -0.181680   0.966377
  0.867000  -0.181697   0.966374
  0.868000  -0.181714   0.966371
  0.869000  -0.181731   0.966368
  0.870000  -0.181748   0.966364
  0.871000  -0.181766   0.966361
  0.872000  -0.181783   0.966358
  0.873000  -0.181800   0.966355
  0.874000  -0.181817   0.966351
  0.875000  -0.181834   0.966348
  0.876000  -0.181851   0.966345
  0.877000  -0.181869   0.966342
  0.878000  -0.181886   0.966338
  0.879000  -0.181903   0.966335
  0.880000  -0.181920   0.966332
  0.881000  -0.181937   0.966329
  0.882000  -0.181955   0.966325
  0.883000  -0.181972   0.966322
  0.884000  -0.181989   0.966319
  0.885000  -0.182006   0.966316
  0.886000  -0.182023   0.966312
  0.887000  -0.182041   0.966309
  0.888000  -0.182058   0.966306
  0.889000  -0.182075   0.966303
  0.890000  -0.182092   0.966300
  0.891000  -0.182109   0.966296
  0.892000  -0.182126   0.966293
  0.893000  -0.182144   0.966290
  0.894000  -0.182161   0.966287
  0.895000  -0.182178   0.966283
  0.896000  -0.182195   0.966280
  0.897000  -0.182212   0.966277
  0.898000  -0.182230   0.966274
  0.899000  -0.182247   0.966270
  0.900000  -0.182264   0.966267
  0.901000  -0.182281   0.966264
  0.902000  -0.182298   0.966261
  0.903000  -0.182315   0.966257
  0.904000  -0.182333   0.966254
  0.905000  -0.182350   0.966251
  0.906000  -0.182367   0.966248
  0.907000  -0.182384   0.966244
  0.908000  -0.182401   0.966241
  0.909000  -0.182419   0.966238
  0.910000  -0.182436   0.966235
  0.911000  -0.182453   0.966231
  0.912000  -0.182470   0.966228
  0.913000  -0.182487   0.966225
  0.914000  -0.182505   0.966222
  0.915000  -0.182522   0.966218
  0.916000  -0.182539   0.966215
  0.917000  -0.182556   0.966212
  0.918000  -0.182573   0.966209
  0.919000  -0.182590   0.966205
  0.920000  -0.182608   0.966202
  0.921000  -0.182625   0.966199
  0.922000  -0.182642   0.966196
  0.923000  -0.182659   0.966192
  0.924000  -0.182676   0.966189
  0.925000  -0.182694   0.966186
  0.926000  -0.182711   0.966183
  0.927000  -0.182728   0.966179
  0.928000  -0.182745   0.966176
  0.929000  -0.182762   0.966173
  0.930000  -0.182779   0.966169
  0.931000  -0.182797   0.966166
  0.932000  -0.182814   0.966163
  0.933000  -0.182831   0.966160
  0.934000  -0.182848   0.966156
  0.935000  -0.182865   0.966153
  0.936000  -0.182883   0.966150
  0.937000  -0.182900   0.966147
  0.938000  -0.182917   0.966143
  0.939000  -0.182934   0.966140
  0.940000  -0.182951   0.966137
  0.941000  -0.182968   0.966134
  0.942000  -0.182986   0.966130
  0.943000  -0.183003   0.966127
  0.944000  -0.183020   0.966124
  0.945000  -0.183037   0.966121
  0.946000  -0.183054   0.966117
  0.947000  -0.183072   0.966114
  0.948000  -0.183089   0.966111
  0.949000  -0.183106   0.966108
  0.950000  -0.183123   0.966104
  0.951000  -0.183140   0.966101
  0.952000  -0.183158   0.966098
  0.953000  -0.183175   0.966095
  0.954000  -0.183192   0.966091
  0.955000  -0.183209   0.966088
  0.956000  -0.183226   0.966085
  0.957000  -0.183243   0.966081
  0.958000  -0.183261   0.966078
  0.959000  -0.183278   0.966075
  0.960000  -0.183295   0.966072
  0.961000  -0.183312   0.966068
  0.962000  -0.183329   0.966065
  0.963000  -0.183347   0.966062
  0.964000  -0.183364   0.966059
  0.965000  -0.183381   0.966055
  0.966000  -0.183398   0.966052
  0.967000  -0.183415   0.966049
  0.968000  -0.183432   0.966046
  0.969000  -0.183450   0.966042
  0.970000  -0.183467   0.966039
  0.971000  -0.183484   0.966036
  0.972000  -0.183501   0.966032
  0.973000  -0.183518   0.966029
  0.974000  -0.183536   0.966026
  0.975000  -0.183553   0.966023
  0.976000  -0.183570   0.966019
  0.977000  -0.183587   0.966016
  0.978000  -0.183604   0.966013
  0.979000  -0.183621   0.966010
  0.980000  -0.183639   0.966006
  0.981000  -0.183656   0.966003
  0.982000  -0.183673   0.966000
  0.983000  -0.183690   0.965996
  0.984000  -0.183707   0.965993
  0.985000  -0.183725   0.965990
  0.986000  -0.183742   0.965987
  0.987000  -0.183759   0.965983
  0.988000  -0.183776   0.965980
  0.989000  -0.183793   0.965977
  0.990000  -0.183810   0.965974
  0.991000  -0.183828   0.965970
  0.992000  -0.183845   0.965967
  0.993000  -0.183862   0.965964
  0.994000  -0.183879   0.965960
  0.995000  -0.183896   0.965957
  0.996000  -0.183913   0.965954
  0.997000  -0.183931   0.965951
  0.998000  -0.183948   0.965947
  0.999000  -0.183965   0.965944
  1.000000  -0.183982   0.965941
