0.01
100
0
0
0
0
0
0
0
0
0
0
0
0
0
0
0
0
0
0
0
0
0
0
0
0
0
0
0
0
0
0
0
0
0
0
0
0
0
0
0
0
0
0
0
0
0
0
0
0
0
0
0
0
0
0
0
0
0
0
0
0
0
0
0
0
0
0
0
0
0
0
0
0
0
0
0
0
0
0
0
0
0
0
0
0
0
0
0
0
0
0
0
0
0
0
0
0
0
0
0
1.5
0
0.0012234
0.00244697
0.0036709
0.00489536
0.0061205
0.00734647
0.0085734
0.0098014
0.0110305
0.0122609
0.0134925
0.0147254
0.0159594
0.0171946
0.0184307
0.0196677
0.0209053
0.0221433
0.0233813
0.024619
0.025856
0.0270919
0.028326
0.0295579
0.0307869
0.0320123
0.0332335
0.0344498
0.0356603
0.0368642
0.0380608
0.0392493
0.0404287
0.0415984
0.0427575
0.0439053
0.0450412
0.0461645
0.0472746
0.0483713
0.0494541
0.050523
0.0515778
0.0526189
0.0536464
0.0546611
0.0556637
0.0566552
0.057637
0.0586105
0.0595778
0.0605408
0.0615023
0.0624649
0.0634319
0.0644069
0.0653939
0.0663972
0.0674219
0.0684732
0.0695571
0.07068
0.0718492
0.0730723
0.0743582
0.0757163
0.0771572
0.0786927
0.0803359
0.0821014
0.0840058
0.086068
0.0883093
0.0907543
0.0934315
0.0963739
0.0996204
0.103217
0.107218
0.111691
0.116715
0.12239
0.12884
0.136222
0.144736
0.154645
0.166299
0.180176
0.196942
0.217559
0.243468
0.276929
0.321681
0.384372
0.477882
0.629965
0.90824
1.5006
3
0
0.00244661
0.00489359
0.00734128
0.00979004
0.0122402
0.014692
0.0171457
0.0196016
0.0220599
0.0245206
0.0269838
0.0294495
0.0319177
0.0343881
0.0368606
0.0393348
0.0418103
0.0442865
0.0467629
0.0492388
0.0517133
0.0541854
0.0566543
0.0591186
0.0615773
0.0640289
0.066472
0.0689053
0.0713271
0.0737358
0.0761298
0.0785075
0.0808673
0.0832074
0.0855263
0.0878227
0.090095
0.092342
0.0945628
0.0967564
0.0989222
0.10106
0.103169
0.105251
0.107306
0.109334
0.111338
0.11332
0.115282
0.117227
0.11916
0.121083
0.123003
0.124925
0.126856
0.128802
0.130771
0.132773
0.134817
0.136914
0.139075
0.141314
0.143644
0.146082
0.148644
0.15135
0.15422
0.157278
0.160549
0.164064
0.167854
0.171957
0.176415
0.181277
0.186598
0.192444
0.198891
0.206029
0.213966
0.22283
0.232779
0.244006
0.256749
0.271311
0.288076
0.307545
0.330377
0.357463
0.390032
0.429825
0.479386
0.542565
0.625423
0.737924
0.897191
1.13374
1.5024
2.09416
3
0
0.00366947
0.00733949
0.0110106
0.0146833
0.0183582
0.0220356
0.0257159
0.0293996
0.0330868
0.0367778
0.0404726
0.0441713
0.0478737
0.0515797
0.0552888
0.0590006
0.0627145
0.0664296
0.0701451
0.07386
0.0775728
0.0812824
0.084987
0.0886851
0.0923747
0.0960539
0.0997205
0.103372
0.107007
0.110622
0.114215
0.117784
0.121325
0.124838
0.128318
0.131764
0.135174
0.138546
0.141878
0.145169
0.148418
0.151625
0.154789
0.157911
0.160991
0.164032
0.167036
0.170005
0.172944
0.175857
0.17875
0.18163
0.184502
0.187377
0.190264
0.193173
0.196116
0.199107
0.20216
0.20529
0.208516
0.211856
0.215332
0.218967
0.222787
0.226819
0.231095
0.235649
0.24052
0.245751
0.251389
0.257491
0.264117
0.271339
0.279239
0.287913
0.29747
0.308042
0.319785
0.332885
0.347566
0.364104
0.382839
0.404196
0.428713
0.457081
0.4902
0.529267
0.575898
0.632322
0.701685
0.788523
0.899522
1.04471
1.23922
1.50539
1.87345
2.37363
3
0
0.00489177
0.0097843
0.0146783
0.0195745
0.0244736
0.0293762
0.0342828
0.0391939
0.0441099
0.0490311
0.0539575
0.0588893
0.0638262
0.068768
0.0737143
0.0786643
0.0836174
0.0885724
0.0935281
0.0984831
0.103436
0.108384
0.113326
0.11826
0.123183
0.128091
0.132984
0.137856
0.142706
0.14753
0.152325
0.157087
0.161813
0.1665
0.171143
0.175742
0.180291
0.18479
0.189235
0.193624
0.197957
0.202233
0.206451
0.210611
0.214716
0.218767
0.222767
0.22672
0.230632
0.234507
0.238355
0.242182
0.245999
0.249818
0.25365
0.25751
0.261414
0.265379
0.269424
0.273571
0.277842
0.282262
0.286861
0.291668
0.296717
0.302044
0.307692
0.313704
0.320131
0.327029
0.334462
0.3425
0.351223
0.360724
0.371108
0.382497
0.395034
0.408886
0.424248
0.441357
0.460495
0.482006
0.506308
0.533922
0.565499
0.601865
0.644076
0.693507
0.75197
0.821881
0.90651
1.01032
1.13943
1.30218
1.50959
1.77516
2.1124
2.52691
3
0
0.00611333
0.0122276
0.0183438
0.0244629
0.0305856
0.0367128
0.0428452
0.0489834
0.0551279
0.0612791
0.0674372
0.0736021
0.0797739
0.085952
0.092136
0.0983252
0.104518
0.110714
0.116912
0.123109
0.129303
0.135492
0.141674
0.147846
0.154004
0.160146
0.166267
0.172363
0.178432
0.184468
0.190468
0.196427
0.20234
0.208204
0.214015
0.219768
0.22546
0.231087
0.236646
0.242136
0.247554
0.252898
0.25817
0.263368
0.268495
0.273553
0.278545
0.283477
0.288355
0.293186
0.297979
0.302745
0.307495
0.312245
0.317009
0.321804
0.326651
0.331571
0.336588
0.341727
0.347018
0.352491
0.358182
0.364127
0.370368
0.37695
0.383924
0.391343
0.399271
0.407774
0.416929
0.426823
0.437551
0.449225
0.461971
0.475935
0.491284
0.508217
0.526965
0.547801
0.571053
0.597115
0.626464
0.659684
0.697498
0.740803
0.790731
0.848717
0.916593
0.996723
1.09215
1.20681
1.3457
1.51498
1.72179
1.97327
2.27406
2.62162
3
0
0.00733392
0.014669
0.0220065
0.0293475
0.0366931
0.0440442
0.0514018
0.0587666
0.0661393
0.0735203
0.0809099
0.0883082
0.0957151
0.10313
0.110553
0.117982
0.125417
0.132855
0.140296
0.147737
0.155175
0.162608
0.170033
0.177446
0.184843
0.19222
0.199574
0.206899
0.21419
0.221442
0.228651
0.235811
0.242917
0.249963
0.256944
0.263855
0.270693
0.277452
0.284128
0.29072
0.297223
0.303637
0.309962
0.316196
0.322343
0.328404
0.334384
0.340289
0.346125
0.351902
0.357631
0.363323
0.368993
0.374657
0.380335
0.386047
0.391815
0.397666
0.403628
0.409732
0.416011
0.422503
0.429248
0.43629
0.443678
0.451465
0.459709
0.468476
0.477835
0.487867
0.498659
0.510311
0.522934
0.536655
0.551617
0.567986
0.585951
0.605734
0.627592
0.651829
0.678801
0.708938
0.742749
0.780854
0.824004
0.873119
0.92933
0.994034
1.06896
1.15626
1.25857
1.37908
1.52158
1.69026
1.88934
2.12205
2.38896
2.68551
3
0
0.00855332
0.0171081
0.0256657
0.0342276
0.042795
0.0513692
0.0599512
0.068542
0.0771424
0.0857529
0.094374
0.103006
0.111648
0.120301
0.128963
0.137633
0.146311
0.154994
0.16368
0.172367
0.181052
0.189732
0.198403
0.207061
0.215701
0.224319
0.23291
0.241467
0.249986
0.258461
0.266884
0.27525
0.283553
0.291786
0.299942
0.308017
0.316004
0.323899
0.331695
0.339391
0.346982
0.354467
0.361843
0.369113
0.376276
0.383337
0.390299
0.397169
0.403955
0.410668
0.417319
0.423922
0.430495
0.437057
0.443627
0.450232
0.456897
0.463651
0.470527
0.477562
0.484792
0.492262
0.500016
0.508107
0.516589
0.525522
0.534973
0.545015
0.555727
0.567199
0.579529
0.592828
0.60722
0.622843
0.639856
0.65844
0.678801
0.701176
0.725842
0.75312
0.783386
0.817085
0.85474
0.896978
0.944546
0.998339
1.05943
1.12913
1.20897
1.3008
1.40678
1.52937
1.67127
1.83514
2.02324
2.23665
2.47421
2.73146
3
0
0.00977128
0.0195443
0.0293207
0.0391021
0.0488902
0.0586863
0.0684918
0.0783078
0.0881353
0.097975
0.107827
0.117693
0.127571
0.137462
0.147364
0.157278
0.1672
0.177129
0.187064
0.197
0.206935
0.216865
0.226786
0.236693
0.246582
0.256445
0.266279
0.276075
0.285828
0.29553
0.305174
0.314753
0.324259
0.333685
0.343023
0.352267
0.361409
0.370443
0.379364
0.388167
0.396848
0.405403
0.413833
0.422135
0.430313
0.438368
0.446305
0.454133
0.461859
0.469495
0.477054
0.484553
0.49201
0.499446
0.506887
0.514357
0.521888
0.529514
0.537269
0.545195
0.553334
0.561735
0.570449
0.579533
0.589049
0.599062
0.609647
0.620883
0.632859
0.645673
0.659431
0.674253
0.690273
0.707641
0.726526
0.747118
0.769636
0.794328
0.82148
0.851423
0.884539
0.921275
0.962149
1.00777
1.05886
1.11626
1.18094
1.25407
1.33698
1.43118
1.53837
1.66036
1.79897
1.95579
2.13184
2.32708
2.53979
2.76612
3
0
0.0109875
0.0219771
0.0329706
0.0439701
0.0549774
0.0659941
0.0770219
0.0880622
0.0991161
0.110184
0.121268
0.132367
0.143482
0.154611
0.165755
0.176913
0.188082
0.19926
0.210445
0.221634
0.232823
0.244008
0.255183
0.266345
0.277487
0.288602
0.299685
0.310726
0.32172
0.332657
0.343529
0.354328
0.365046
0.375672
0.386199
0.396618
0.406921
0.417101
0.427151
0.437065
0.446838
0.456467
0.465949
0.475283
0.484471
0.493516
0.502423
0.511198
0.519853
0.528398
0.53685
0.545225
0.553545
0.561833
0.570115
0.578422
0.586787
0.595246
0.60384
0.612614
0.621615
0.630896
0.640513
0.650529
0.66101
0.67203
0.683668
0.696012
0.709155
0.723202
0.738268
0.75448
0.771979
0.790923
0.811487
0.83387
0.858296
0.885019
0.914328
0.946553
0.982074
1.02133
1.06481
1.1131
1.16687
1.22688
1.29401
1.36924
1.45369
1.54857
1.65516
1.77474
1.90847
2.05721
2.22126
2.40003
2.59174
2.79323
3
0
0.0122017
0.0244058
0.0366146
0.0488303
0.061055
0.0732909
0.0855397
0.097803
0.110082
0.122379
0.134693
0.147026
0.159377
0.171746
0.184133
0.196536
0.208954
0.221384
0.233823
0.246268
0.258715
0.271159
0.283595
0.296017
0.308419
0.320793
0.333131
0.345426
0.357668
0.369849
0.381958
0.393986
0.405923
0.417758
0.429482
0.441085
0.452557
0.463889
0.475074
0.486104
0.496973
0.507677
0.518212
0.528577
0.538773
0.548803
0.558671
0.568385
0.577956
0.587396
0.596722
0.605954
0.615113
0.624225
0.633319
0.642429
0.65159
0.660844
0.670233
0.679806
0.689616
0.699719
0.710178
0.721058
0.732433
0.744381
0.756985
0.77034
0.784546
0.799712
0.815959
0.83342
0.852241
0.872584
0.894629
0.91858
0.94466
0.973124
1.00426
1.03839
1.07588
1.11714
1.16266
1.21296
1.26864
1.33039
1.39897
1.4752
1.55998
1.65425
1.75895
1.87496
2.00296
2.14333
2.29596
2.46005
2.63393
2.81504
3
0
0.0134136
0.02683
0.0402517
0.0536814
0.0671217
0.0805747
0.0940428
0.107528
0.121031
0.134555
0.1481
0.161666
0.175254
0.188864
0.202495
0.216146
0.229814
0.243498
0.257195
0.2709
0.28461
0.298318
0.31202
0.325709
0.339378
0.353018
0.366621
0.380178
0.393678
0.407112
0.420468
0.433735
0.446902
0.459956
0.472887
0.485683
0.498332
0.510825
0.523152
0.535304
0.547274
0.559056
0.570646
0.582041
0.593242
0.604251
0.615073
0.625715
0.636189
0.646508
0.65669
0.666755
0.676727
0.686634
0.696508
0.706384
0.716302
0.726305
0.736441
0.746762
0.757324
0.768188
0.779421
0.791094
0.803284
0.816073
0.829553
0.843819
0.858977
0.875141
0.892437
0.911
0.93098
0.952542
0.975868
1.00116
1.02864
1.05856
1.0912
1.12686
1.1659
1.20871
1.25572
1.30742
1.36435
1.42708
1.49627
1.5726
1.65677
1.7495
1.85145
1.96318
2.08507
2.21719
2.35921
2.51026
2.66889
2.833
3
0
0.0146228
0.0292487
0.0438808
0.0585221
0.0731755
0.0878436
0.102529
0.117234
0.131961
0.146711
0.161485
0.176284
0.19111
0.205961
0.220837
0.235737
0.250659
0.2656
0.280558
0.295528
0.310505
0.325484
0.340459
0.355422
0.370366
0.385281
0.400158
0.414987
0.429756
0.444453
0.459067
0.473585
0.487993
0.502278
0.516427
0.530427
0.544264
0.557927
0.571405
0.584687
0.597763
0.610627
0.623274
0.6357
0.647903
0.659886
0.671654
0.683214
0.694577
0.705758
0.716774
0.727648
0.738406
0.749077
0.759695
0.770298
0.780929
0.791634
0.802465
0.813476
0.824729
0.836288
0.848224
0.860613
0.873534
0.887077
0.901333
0.916405
0.932401
0.949439
0.967647
0.987163
1.00814
1.03074
1.05514
1.08155
1.11018
1.14128
1.1751
1.21196
1.25216
1.29608
1.3441
1.39667
1.45424
1.51732
1.58644
1.66216
1.74501
1.83553
1.93417
2.04125
2.15695
2.28115
2.41342
2.55291
2.69836
2.84807
3
0
0.0158288
0.0316612
0.0475007
0.0633507
0.0792145
0.0950952
0.110996
0.126919
0.142867
0.158841
0.174845
0.190877
0.20694
0.223033
0.239156
0.255307
0.271485
0.287687
0.303909
0.320148
0.336399
0.352655
0.36891
0.385155
0.401382
0.417582
0.433743
0.449855
0.465904
0.481878
0.497763
0.513544
0.529207
0.544736
0.560117
0.575333
0.590371
0.605216
0.619854
0.634274
0.648464
0.662417
0.676123
0.68958
0.702784
0.715738
0.728444
0.74091
0.753148
0.765172
0.777001
0.788659
0.800172
0.811573
0.822897
0.834185
0.845482
0.856838
0.868307
0.879949
0.891828
0.904012
0.916576
0.929598
0.943165
0.957366
0.972299
0.988067
1.00478
1.02257
1.04155
1.06187
1.08367
1.10713
1.13241
1.15972
1.18926
1.22126
1.25599
1.2937
1.33471
1.37934
1.42794
1.4809
1.53861
1.60151
1.67002
1.74457
1.82559
1.91344
2.00843
2.11072
2.22033
2.33704
2.4604
2.5896
2.72357
2.86091
3
0
0.0170313
0.0340667
0.0511101
0.0681655
0.0852366
0.102327
0.11944
0.136579
0.153746
0.170944
0.188175
0.20544
0.22274
0.240075
0.257445
0.27485
0.292286
0.309752
0.327244
0.344758
0.362287
0.379827
0.397369
0.414906
0.432427
0.449922
0.467379
0.484786
0.502128
0.519392
0.536562
0.553622
0.570555
0.587343
0.60397
0.620418
0.63667
0.65271
0.668522
0.684091
0.699404
0.714451
0.729223
0.743713
0.757917
0.771836
0.785473
0.798835
0.811932
0.824781
0.8374
0.849814
0.862051
0.874146
0.886135
0.898062
0.909976
0.921929
0.933978
0.946186
0.958622
0.971356
0.984468
0.99804
1.01216
1.02692
1.04243
1.05878
1.0761
1.0945
1.11412
1.13508
1.15755
1.18169
1.20766
1.23565
1.26587
1.29853
1.33388
1.37215
1.41364
1.45863
1.50743
1.56038
1.61781
1.68008
1.74754
1.82052
1.89933
1.98423
2.07538
2.17286
2.27659
2.3863
2.50152
2.62154
2.74542
2.87201
3
0
0.0182298
0.0364642
0.0547076
0.0729646
0.0912395
0.109536
0.127859
0.14621
0.164595
0.183014
0.201471
0.219967
0.238504
0.257082
0.275701
0.294361
0.313058
0.331792
0.350557
0.369351
0.388166
0.406997
0.425835
0.444672
0.463497
0.482299
0.501065
0.51978
0.538431
0.557001
0.575472
0.593827
0.612047
0.630112
0.648003
0.665699
0.683183
0.700433
0.717432
0.734163
0.750611
0.766762
0.782605
0.798131
0.813335
0.828217
0.842778
0.857024
0.870966
0.884619
0.898004
0.911146
0.924074
0.936823
0.949435
0.961954
0.974431
0.986923
0.999489
1.0122
1.02512
1.03832
1.0519
1.06593
1.08051
1.09574
1.11171
1.12853
1.14633
1.16522
1.18533
1.2068
1.22977
1.25441
1.28088
1.30936
1.34004
1.37312
1.40883
1.4474
1.48907
1.5341
1.58278
1.63537
1.69218
1.75348
1.81955
1.89064
1.96699
2.04875
2.13601
2.22877
2.32687
2.43005
2.53784
2.64961
2.76455
2.88171
3
0
0.0194237
0.0388525
0.0582916
0.077746
0.0972204
0.11672
0.136248
0.15581
0.175408
0.195047
0.214728
0.234455
0.254228
0.274049
0.293917
0.313833
0.333795
0.353799
0.373843
0.393922
0.414029
0.434159
0.454303
0.47445
0.494591
0.514712
0.534801
0.55484
0.574815
0.594708
0.614499
0.634167
0.653694
0.673055
0.692229
0.711195
0.729928
0.748407
0.766611
0.78452
0.802115
0.819381
0.836303
0.852871
0.869077
0.884919
0.900397
0.915517
0.930288
0.944726
0.958852
0.972691
0.986275
0.999639
1.01283
1.02589
1.03887
1.05184
1.06486
1.07799
1.09132
1.10492
1.11888
1.13328
1.14822
1.16381
1.18013
1.19732
1.21547
1.23472
1.25518
1.27701
1.30033
1.32531
1.35209
1.38087
1.4118
1.44509
1.48093
1.51953
1.56113
1.60594
1.6542
1.70616
1.76204
1.82209
1.88652
1.95552
2.02924
2.10777
2.19115
2.27931
2.37209
2.46919
2.57018
2.67451
2.78147
2.89027
3
0
0.0206124
0.0412306
0.0618604
0.0825072
0.103177
0.123874
0.144604
0.165372
0.186181
0.207036
0.22794
0.248895
0.269904
0.290967
0.312086
0.33326
0.354488
0.375767
0.397094
0.418464
0.439871
0.461308
0.482766
0.504236
0.525704
0.547159
0.568585
0.589965
0.611282
0.632517
0.653647
0.674651
0.695505
0.716185
0.736666
0.756922
0.776927
0.796656
0.816085
0.83519
0.853949
0.872343
0.890355
0.907972
0.925184
0.941985
0.958375
0.974358
0.989944
1.00515
1.01999
1.03449
1.04869
1.06263
1.07635
1.0899
1.10333
1.11671
1.13011
1.1436
1.15726
1.17116
1.18541
1.20009
1.21529
1.23113
1.24771
1.26513
1.28352
1.30299
1.32368
1.34571
1.36924
1.39439
1.42133
1.45021
1.48121
1.5145
1.55026
1.58868
1.62997
1.67432
1.72193
1.77301
1.82775
1.88633
1.94893
2.01567
2.08666
2.16195
2.2415
2.32524
2.41298
2.50443
2.59919
2.69677
2.79657
2.89789
3
0
0.0217954
0.0435972
0.065412
0.0872459
0.109105
0.130996
0.152923
0.174892
0.196909
0.218977
0.2411
0.263282
0.285525
0.307831
0.3302
0.352634
0.37513
0.397687
0.420302
0.442969
0.465683
0.488436
0.511219
0.534022
0.556832
0.579635
0.602415
0.625154
0.647833
0.67043
0.692922
0.715284
0.737491
0.759515
0.781328
0.8029
0.824202
0.845206
0.865883
0.886206
0.906148
0.925687
0.944803
0.963479
0.981701
0.999463
1.01676
1.0336
1.04998
1.06593
1.08146
1.0966
1.11138
1.12584
1.14004
1.15402
1.16784
1.18157
1.19528
1.20904
1.22294
1.23707
1.25151
1.26636
1.28173
1.29772
1.31443
1.33198
1.35048
1.37005
1.39083
1.41294
1.43651
1.46169
1.48861
1.51744
1.54833
1.58143
1.61693
1.65497
1.69575
1.73944
1.7862
1.8362
1.88961
1.94656
2.00719
2.07158
2.1398
2.21185
2.28768
2.36718
2.45016
2.53635
2.62538
2.71681
2.81013
2.90473
3
0
0.0229719
0.045951
0.0689444
0.0919593
0.115002
0.13808
0.1612
0.184366
0.207585
0.230863
0.254202
0.277608
0.301083
0.32463
0.348251
0.371945
0.395712
0.41955
0.443457
0.467427
0.491455
0.515533
0.539652
0.563801
0.587967
0.612134
0.636286
0.660403
0.684465
0.708448
0.732326
0.756074
0.77966
0.803056
0.82623
0.849147
0.871777
0.894084
0.916036
0.937602
0.958751
0.979456
0.999692
1.01944
1.03868
1.0574
1.07561
1.09329
1.11046
1.12713
1.14332
1.15906
1.17438
1.18933
1.20395
1.2183
1.23244
1.24644
1.26038
1.27434
1.2884
1.30265
1.3172
1.33213
1.34756
1.36358
1.38031
1.39787
1.41636
1.43592
1.45665
1.4787
1.50218
1.52723
1.554
1.58261
1.61323
1.64599
1.68104
1.71854
1.75863
1.80148
1.84722
1.89599
1.94792
2.00312
2.06169
2.12367
2.1891
2.25796
2.33018
2.40564
2.48414
2.56542
2.64917
2.73498
2.8224
2.91092
3
0
0.0241412
0.0482903
0.0724555
0.0966444
0.120865
0.145124
0.169429
0.193787
0.218204
0.242686
0.267238
0.291865
0.31657
0.341357
0.366228
0.391183
0.416222
0.441345
0.466548
0.491828
0.517178
0.54259
0.568056
0.593564
0.6191
0.644648
0.670191
0.695708
0.721176
0.74657
0.771862
0.797023
0.822021
0.846821
0.871387
0.895684
0.919673
0.943316
0.966576
0.989415
1.0118
1.03369
1.05507
1.0759
1.09617
1.11587
1.13497
1.1535
1.17144
1.18881
1.20563
1.22194
1.23776
1.25314
1.26813
1.28279
1.29718
1.31138
1.32547
1.33954
1.35366
1.36795
1.3825
1.3974
1.41278
1.42873
1.44538
1.46282
1.48119
1.5006
1.52116
1.54301
1.56627
1.59107
1.61753
1.64579
1.67598
1.70824
1.7427
1.7795
1.81876
1.86062
1.9052
1.95262
2.00296
2.05632
2.11276
2.17231
2.23498
2.30072
2.36945
2.44105
2.51533
2.59204
2.6709
2.75154
2.83356
2.91654
3
0
0.0253025
0.0506138
0.0759428
0.101298
0.126688
0.152122
0.177606
0.203149
0.228758
0.254439
0.280199
0.306043
0.331975
0.358
0.38412
0.410336
0.43665
0.46306
0.489564
0.516159
0.542838
0.569594
0.596418
0.623298
0.65022
0.677168
0.704123
0.731062
0.757961
0.784794
0.81153
0.838137
0.864579
0.890818
0.916815
0.942529
0.967916
0.992933
1.01754
1.04168
1.06533
1.08845
1.11099
1.13293
1.15425
1.17492
1.19493
1.21428
1.23298
1.25103
1.26846
1.2853
1.30157
1.31734
1.33264
1.34754
1.36212
1.37644
1.39059
1.40467
1.41877
1.43299
1.44743
1.46221
1.47742
1.4932
1.50963
1.52686
1.54498
1.56412
1.58439
1.60593
1.62883
1.65324
1.67927
1.70704
1.73667
1.7683
1.80203
1.83799
1.8763
1.91705
1.96036
2.00631
2.05499
2.10644
2.16072
2.21784
2.27777
2.34048
2.40586
2.47379
2.54408
2.61652
2.69083
2.7667
2.84378
2.92168
3
0
0.0264549
0.0529196
0.0794038
0.105917
0.132469
0.159068
0.185724
0.212445
0.239239
0.266114
0.293076
0.320133
0.347288
0.374548
0.401915
0.429392
0.456981
0.484681
0.51249
0.540405
0.568421
0.59653
0.624724
0.652991
0.681316
0.709682
0.738069
0.766455
0.794814
0.823116
0.851328
0.879416
0.90734
0.935058
0.962527
0.9897
1.01653
1.04296
1.06895
1.09445
1.11941
1.14377
1.16751
1.19059
1.21297
1.23462
1.25554
1.27573
1.29517
1.31388
1.33189
1.34922
1.36591
1.382
1.39755
1.41263
1.4273
1.44166
1.45579
1.46979
1.48376
1.4978
1.51204
1.52657
1.54152
1.55699
1.57311
1.58999
1.60775
1.6265
1.64637
1.66746
1.6899
1.71379
1.73926
1.76642
1.79538
1.82624
1.85913
1.89414
1.93138
1.97093
2.01287
2.05729
2.10423
2.15374
2.20585
2.26055
2.3178
2.37756
2.43972
2.50415
2.57069
2.63913
2.70921
2.78067
2.85318
2.92641
3
0
0.0275976
0.055206
0.0828357
0.110497
0.138202
0.165958
0.193777
0.221668
0.24964
0.277701
0.30586
0.334123
0.362498
0.390989
0.419601
0.448338
0.477201
0.506192
0.535309
0.56455
0.59391
0.623383
0.652958
0.682626
0.71237
0.742175
0.772018
0.801877
0.831723
0.861526
0.891251
0.920858
0.950306
0.979548
1.00854
1.03722
1.06554
1.09344
1.12086
1.14776
1.17407
1.19973
1.2247
1.24894
1.2724
1.29506
1.3169
1.33791
1.35808
1.37744
1.396
1.41378
1.43083
1.4472
1.46293
1.47811
1.4928
1.50711
1.52111
1.53493
1.54866
1.56243
1.57634
1.59052
1.60508
1.62014
1.63583
1.65225
1.66953
1.68778
1.70711
1.72765
1.7495
1.77277
1.79756
1.824
1.85217
1.88217
1.91411
1.94807
1.98415
2.0224
2.06291
2.10573
2.1509
2.19845
2.24839
2.30069
2.35533
2.41223
2.4713
2.53241
2.5954
2.66008
2.72622
2.79357
2.86185
2.93077
3
0
0.0287296
0.0574709
0.0862357
0.115036
0.143882
0.172786
0.201759
0.23081
0.259951
0.289191
0.318539
0.348003
0.37759
0.407308
0.437162
0.467156
0.497294
0.527577
0.558005
0.588576
0.619287
0.650132
0.681101
0.712183
0.743365
0.774628
0.805952
0.837311
0.868676
0.900016
0.931291
0.96246
0.993478
1.02429
1.05485
1.08509
1.11496
1.14439
1.17331
1.20165
1.22937
1.25638
1.28263
1.30807
1.33265
1.35633
1.37909
1.40092
1.42182
1.4418
1.46088
1.47908
1.49645
1.51303
1.52888
1.54408
1.5587
1.57285
1.58663
1.60016
1.61354
1.62691
1.64039
1.65409
1.66814
1.68267
1.6978
1.71365
1.73033
1.74796
1.76666
1.78653
1.80768
1.83021
1.85424
1.87984
1.90712
1.93617
1.96707
1.9999
2.03473
2.07163
2.11064
2.15182
2.1952
2.24077
2.28855
2.33851
2.39059
2.44474
2.50085
2.5588
2.61843
2.67958
2.74202
2.80555
2.8699
2.93481
3
0
0.0298498
0.0597124
0.0896007
0.119527
0.149505
0.179545
0.209661
0.239863
0.270164
0.300573
0.331102
0.361759
0.392553
0.423492
0.454583
0.485832
0.517242
0.548817
0.580558
0.612463
0.644531
0.676756
0.70913
0.741642
0.774278
0.807022
0.83985
0.872738
0.905656
0.938569
0.971437
1.00421
1.03685
1.0693
1.10148
1.13335
1.16482
1.19584
1.22632
1.25619
1.28537
1.31379
1.34137
1.36806
1.39378
1.41851
1.44221
1.46486
1.48648
1.50706
1.52663
1.54522
1.56285
1.57959
1.59548
1.61061
1.62507
1.63896
1.6524
1.66552
1.67844
1.69129
1.7042
1.7173
1.73073
1.74461
1.75906
1.77422
1.79019
1.80709
1.82503
1.84413
1.86448
1.88618
1.90932
1.934
1.96031
1.98831
2.01809
2.04972
2.08325
2.11873
2.15621
2.19573
2.23729
2.2809
2.32654
2.37419
2.4238
2.47529
2.52856
2.58349
2.63995
2.69776
2.75675
2.8167
2.87738
2.93856
3
0
0.0309572
0.0619283
0.0929274
0.123968
0.155064
0.186229
0.217476
0.248818
0.280268
0.311837
0.343536
0.375378
0.407371
0.439524
0.471847
0.504345
0.537026
0.569892
0.602946
0.636189
0.669619
0.703232
0.737021
0.770977
0.805085
0.83933
0.873689
0.908136
0.942641
0.977168
1.01167
1.04611
1.08042
1.11455
1.14843
1.18199
1.21515
1.24783
1.27995
1.31141
1.34213
1.37203
1.40102
1.429
1.45592
1.48172
1.50637
1.52985
1.55217
1.57334
1.59337
1.6123
1.63016
1.64699
1.66285
1.67782
1.69201
1.70553
1.7185
1.73108
1.7434
1.7556
1.76782
1.7802
1.79287
1.80597
1.81962
1.83396
1.84911
1.86517
1.88226
1.90048
1.91992
1.94069
1.96287
1.98655
2.01179
2.03868
2.06727
2.09763
2.12981
2.16384
2.19975
2.23758
2.27733
2.31898
2.36253
2.40793
2.45512
2.50405
2.5546
2.60666
2.66011
2.71478
2.77051
2.82711
2.88436
2.94207
3
0
0.0320506
0.0641163
0.0962123
0.128354
0.160555
0.192831
0.225197
0.257666
0.290252
0.322969
0.355829
0.388845
0.422028
0.455388
0.488935
0.522678
0.556624
0.590778
0.625145
0.659727
0.694523
0.729531
0.764746
0.800159
0.835757
0.871524
0.907439
0.943477
0.979605
1.01579
1.05198
1.08813
1.12418
1.16006
1.19571
1.23104
1.26596
1.30039
1.33422
1.36737
1.39973
1.43119
1.46165
1.49102
1.51918
1.54608
1.57169
1.596
1.61901
1.64074
1.66122
1.68045
1.69849
1.71535
1.7311
1.74582
1.75962
1.77263
1.785
1.79691
1.80849
1.8199
1.83128
1.84279
1.85457
1.86677
1.8795
1.89291
1.90711
1.92222
1.93835
1.95559
1.97405
1.9938
2.01493
2.03752
2.06164
2.08734
2.11469
2.14373
2.17451
2.20705
2.24139
2.27752
2.31545
2.35517
2.39666
2.43986
2.48473
2.53118
2.57912
2.62845
2.67904
2.73075
2.78341
2.83686
2.8909
2.94535
3
0
0.0331289
0.0662741
0.0994521
0.132679
0.165971
0.199344
0.232814
0.266397
0.300107
0.333959
0.367967
0.402146
0.436507
0.471064
0.505827
0.540807
0.576013
0.611452
0.64713
0.68305
0.719216
0.755625
0.792274
0.829155
0.866259
0.90357
0.941068
0.978727
1.01652
1.0544
1.09233
1.13025
1.1681
1.20581
1.2433
1.28048
1.31726
1.35353
1.38919
1.42412
1.45821
1.49135
1.5234
1.55423
1.5837
1.61174
1.63832
1.66344
1.68713
1.70941
1.7303
1.74981
1.76798
1.78483
1.8004
1.81475
1.828
1.84036
1.85198
1.86306
1.87375
1.88421
1.89462
1.90512
1.91587
1.92702
1.93871
1.95106
1.96421
1.97826
1.99333
2.0095
2.02687
2.04553
2.06554
2.08697
2.10989
2.13436
2.16041
2.1881
2.21745
2.24848
2.28122
2.31566
2.35179
2.38961
2.42907
2.47013
2.51274
2.55681
2.60226
2.64899
2.69686
2.74576
2.79553
2.84601
2.89703
2.94842
3
0
0.0341907
0.0683992
0.102643
0.136939
0.171306
0.20576
0.240319
0.275
0.309819
0.344792
0.379935
0.415263
0.450792
0.486534
0.522503
0.558711
0.59517
0.631887
0.668872
0.70613
0.743665
0.781478
0.819568
0.85793
0.896555
0.935429
0.974535
1.01385
1.05334
1.09296
1.13268
1.17243
1.21216
1.25178
1.2912
1.33034
1.36907
1.4073
1.44488
1.48171
1.51765
1.55259
1.58636
1.6188
1.64966
1.67885
1.7064
1.73232
1.75667
1.77947
1.80075
1.82052
1.8388
1.85559
1.8709
1.88477
1.8973
1.90881
1.91951
1.92959
1.93923
1.94859
1.95786
1.9672
1.97677
1.98674
1.99724
2.00842
2.0204
2.03329
2.04719
2.06221
2.07842
2.09589
2.11471
2.13493
2.15661
2.17979
2.20451
2.2308
2.2587
2.28821
2.31934
2.3521
2.38645
2.42239
2.45988
2.49886
2.53929
2.58107
2.62413
2.66837
2.71366
2.7599
2.80693
2.85461
2.9028
2.95131
3
0
0.035235
0.070489
0.105781
0.141129
0.176554
0.212072
0.247703
0.283465
0.319377
0.355455
0.391717
0.428181
0.464862
0.501777
0.53894
0.576366
0.614067
0.652055
0.690341
0.728932
0.767836
0.807055
0.846592
0.886443
0.926602
0.967058
1.0078
1.04879
1.09002
1.13144
1.173
1.21465
1.25633
1.29794
1.3394
1.38059
1.4214
1.46169
1.50133
1.54018
1.57811
1.615
1.65064
1.68496
1.71728
1.74762
1.77609
1.80278
1.82775
1.85105
1.8727
1.89272
1.91111
1.92783
1.94286
1.95611
1.96762
1.97809
1.98765
1.99656
2.00497
2.01307
2.02104
2.02905
2.03728
2.04592
2.05511
2.06498
2.07568
2.0873
2.09995
2.11372
2.12869
2.14492
2.16249
2.18144
2.20182
2.22367
2.24703
2.27191
2.29834
2.32632
2.35585
2.38693
2.41953
2.45364
2.48919
2.52616
2.56447
2.60405
2.64482
2.68668
2.72953
2.77323
2.81768
2.86272
2.90823
2.95404
3
0
0.0362603
0.0725409
0.108862
0.145244
0.181707
0.218271
0.254956
0.291781
0.328768
0.365934
0.403299
0.440881
0.4787
0.516772
0.555115
0.593745
0.632677
0.671926
0.711504
0.751423
0.791691
0.832316
0.873301
0.914647
0.956351
0.998406
1.0408
1.08351
1.12651
1.16976
1.21323
1.25685
1.30055
1.34425
1.38785
1.43123
1.47425
1.51675
1.55856
1.59957
1.6396
1.67865
1.71626
1.75313
1.78688
1.81826
1.84757
1.87496
1.90051
1.92428
1.94629
1.96656
1.98507
2.00178
2.01658
2.02922
2.03897
2.04827
2.05646
2.06403
2.07104
2.07769
2.08417
2.09067
2.0974
2.10455
2.11228
2.12073
2.13003
2.14029
2.1516
2.16404
2.1777
2.19262
2.20888
2.22651
2.24556
2.26605
2.28802
2.31147
2.33642
2.36287
2.39082
2.42024
2.45112
2.48342
2.5171
2.55211
2.58838
2.62585
2.66442
2.70402
2.74453
2.78584
2.82783
2.87038
2.91335
2.9566
3
0
0.0372653
0.0745523
0.111883
0.149278
0.186759
0.224349
0.262068
0.299937
0.337979
0.376214
0.414662
0.453346
0.492284
0.531496
0.571003
0.610822
0.650971
0.691468
0.732328
0.773564
0.81519
0.857216
0.899649
0.942494
0.985751
1.02942
1.07348
1.11793
1.16274
1.20788
1.25331
1.29896
1.34478
1.39067
1.43653
1.48223
1.52762
1.57248
1.6166
1.65995
1.70207
1.74374
1.7826
1.81943
1.85384
1.88596
1.91597
1.94398
1.97006
1.99426
2.01663
2.03716
2.05584
2.07263
2.08746
2.10021
2.11077
2.11956
2.12587
2.13207
2.13745
2.14249
2.14727
2.15205
2.15709
2.16259
2.16872
2.17563
2.18342
2.19222
2.2021
2.21315
2.22543
2.239
2.2539
2.27017
2.28785
2.30696
2.32752
2.34953
2.373
2.39793
2.4243
2.45209
2.48128
2.51182
2.54368
2.57679
2.6111
2.64653
2.68301
2.72044
2.75872
2.79775
2.83742
2.87761
2.91819
2.95903
3
0
0.0382487
0.0765205
0.114838
0.153225
0.191704
0.230297
0.269029
0.307921
0.346997
0.38628
0.425792
0.465555
0.505593
0.545927
0.586578
0.627568
0.668918
0.710647
0.752774
0.795316
0.83829
0.88171
0.925586
0.969928
1.01474
1.06003
1.10578
1.15199
1.19865
1.24571
1.29315
1.34092
1.38893
1.43712
1.48537
1.53355
1.5815
1.62897
1.67541
1.72154
1.76501
1.80663
1.84598
1.88316
1.91807
1.95079
1.98137
2.00992
2.03647
2.06109
2.0838
2.1046
2.12349
2.14045
2.15543
2.16839
2.17933
2.18834
2.1954
2.20093
2.20419
2.20756
2.21036
2.21318
2.21633
2.22001
2.2244
2.22963
2.23582
2.24307
2.25145
2.26103
2.27188
2.28403
2.29754
2.31243
2.32871
2.34642
2.36556
2.38613
2.40813
2.43155
2.45636
2.48255
2.51008
2.53891
2.569
2.60028
2.6327
2.66618
2.70064
2.736
2.77217
2.80904
2.8465
2.88445
2.92276
2.96132
3
0
0.0392092
0.0784427
0.117725
0.15708
0.196533
0.236108
0.275829
0.315722
0.355809
0.396117
0.43667
0.477491
0.518607
0.56004
0.601815
0.643956
0.686486
0.729429
0.772805
0.816637
0.860945
0.905746
0.951057
0.996892
1.04326
1.09017
1.13763
1.18562
1.23414
1.28317
1.33268
1.38261
1.43292
1.48351
1.53428
1.5851
1.63587
1.6865
1.73454
1.78077
1.82482
1.86678
1.90655
1.94413
1.97952
2.01273
2.04382
2.07284
2.09983
2.12484
2.14787
2.16895
2.18808
2.20524
2.22042
2.23361
2.24481
2.25408
2.26145
2.26705
2.27083
2.27321
2.27343
2.27399
2.27504
2.27673
2.27923
2.28267
2.28716
2.29278
2.29959
2.30765
2.31702
2.32772
2.3398
2.35328
2.36816
2.38446
2.40218
2.42131
2.44185
2.46377
2.48705
2.51167
2.53759
2.56475
2.59312
2.62263
2.65323
2.68484
2.71738
2.75077
2.78492
2.81972
2.85509
2.89092
2.92709
2.96349
3
0
0.0401452
0.0803162
0.120539
0.160838
0.201241
0.241772
0.282459
0.323326
0.364401
0.40571
0.447279
0.489134
0.531302
0.573811
0.616686
0.659954
0.703642
0.747776
0.792381
0.837483
0.883106
0.929273
0.976005
1.02332
1.07124
1.11977
1.16893
1.21871
1.26912
1.32015
1.37177
1.42395
1.47663
1.52973
1.58312
1.6367
1.69038
1.74161
1.79047
1.83719
1.88173
1.9241
1.9643
2.00231
2.03814
2.07181
2.10335
2.13279
2.16018
2.18554
2.2089
2.23026
2.24963
2.26701
2.2824
2.29581
2.30723
2.31671
2.32428
2.33
2.33388
2.336
2.33615
2.33432
2.33309
2.33263
2.33312
2.33468
2.33738
2.34129
2.34647
2.35296
2.36081
2.37004
2.38067
2.39272
2.40619
2.42107
2.43738
2.45508
2.47417
2.49463
2.51641
2.53949
2.56384
2.58939
2.6161
2.64391
2.67275
2.70256
2.73326
2.76477
2.797
2.82985
2.86323
2.89705
2.93118
2.96554
3
0
0.0410556
0.0821382
0.123275
0.164493
0.205819
0.247282
0.288907
0.330724
0.37276
0.415043
0.457601
0.500463
0.543658
0.587215
0.631164
0.675533
0.720353
0.765652
0.811461
0.857809
0.904724
0.952235
1.00037
1.04915
1.0986
1.14875
1.19961
1.25118
1.30349
1.35653
1.4103
1.46477
1.51991
1.57564
1.63179
1.68821
1.74232
1.79409
1.84355
1.89078
1.9358
1.97861
2.01924
2.05767
2.09392
2.12801
2.15996
2.1898
2.21756
2.24326
2.26692
2.28855
2.30817
2.32578
2.34138
2.35498
2.3666
2.37625
2.38397
2.38978
2.39371
2.39575
2.39586
2.39404
2.39039
2.38757
2.38594
2.38553
2.38638
2.38854
2.39204
2.39693
2.40323
2.41096
2.42013
2.43074
2.44279
2.45627
2.47117
2.48747
2.50514
2.52415
2.54447
2.56606
2.58887
2.61286
2.63797
2.66414
2.69131
2.7194
2.74834
2.77806
2.80846
2.83945
2.87095
2.90285
2.93506
2.96748
3
0
0.0419389
0.0839062
0.12593
0.168039
0.210262
0.252628
0.295165
0.337903
0.380871
0.4241
0.467619
0.51146
0.555653
0.600229
0.645221
0.690662
0.736583
0.783019
0.830002
0.877566
0.925746
0.974574
1.02408
1.07431
1.12528
1.17702
1.22956
1.28293
1.33713
1.3922
1.44813
1.50493
1.56261
1.62114
1.68018
1.73703
1.79161
1.84389
1.89386
1.94158
1.98706
2.03032
2.07137
2.11021
2.14687
2.18135
2.21369
2.2439
2.272
2.29802
2.32197
2.34387
2.36373
2.38155
2.39735
2.41114
2.42292
2.43272
2.44056
2.44645
2.45041
2.45243
2.4525
2.45062
2.44683
2.44134
2.43755
2.43513
2.43409
2.43444
2.43623
2.43948
2.44421
2.45043
2.45814
2.46732
2.47797
2.49006
2.50358
2.51849
2.53476
2.55237
2.57126
2.5914
2.61274
2.63522
2.65879
2.68338
2.70894
2.73539
2.76265
2.79066
2.81932
2.84854
2.87825
2.90835
2.93873
2.96932
3
0
0.042794
0.0856175
0.1285
0.171472
0.214563
0.257803
0.301222
0.344852
0.388723
0.432867
0.477317
0.522104
0.567263
0.612827
0.658831
0.70531
0.7523
0.799838
0.847962
0.89671
0.94612
0.996232
1.04709
1.09872
1.15117
1.20448
1.25869
1.31382
1.36992
1.42699
1.48508
1.54422
1.60447
1.66613
1.72575
1.78313
1.83821
1.89097
1.94144
1.98963
2.03555
2.07924
2.12069
2.15994
2.19698
2.23184
2.26454
2.29509
2.32352
2.34984
2.37407
2.39622
2.41631
2.43435
2.45034
2.46429
2.47623
2.48616
2.4941
2.50006
2.50405
2.50606
2.50608
2.50409
2.49999
2.49341
2.48777
2.48337
2.48039
2.4789
2.47895
2.48055
2.48371
2.48842
2.49467
2.50244
2.5117
2.52242
2.53458
2.54814
2.56306
2.5793
2.59681
2.61555
2.63546
2.65649
2.67858
2.70166
2.72568
2.75056
2.77623
2.8026
2.82961
2.85716
2.88517
2.91355
2.94221
2.97106
3
0
0.0436194
0.0872696
0.130981
0.174786
0.218714
0.262798
0.307069
0.351559
0.396301
0.441329
0.486676
0.532378
0.578469
0.624985
0.671965
0.719447
0.767469
0.816072
0.865299
0.915191
0.965792
1.01715
1.06931
1.12231
1.17621
1.23106
1.28689
1.34377
1.40171
1.46078
1.52099
1.58238
1.64492
1.70815
1.76857
1.82653
1.88212
1.93536
1.98629
2.03493
2.08129
2.12538
2.16724
2.20687
2.24428
2.2795
2.31254
2.34342
2.37215
2.39876
2.42325
2.44564
2.46595
2.48419
2.50036
2.51447
2.52655
2.5366
2.54463
2.55065
2.55466
2.55668
2.55669
2.55467
2.55062
2.54453
2.53677
2.53019
2.52519
2.52182
2.52012
2.52007
2.52166
2.52488
2.52969
2.53606
2.54396
2.55335
2.56419
2.57643
2.59004
2.60495
2.62113
2.63852
2.65706
2.6767
2.69737
2.71901
2.74156
2.76494
2.78909
2.81392
2.83935
2.86531
2.89172
2.91847
2.9455
2.9727
3
0
0.0444141
0.0888601
0.13337
0.177976
0.22271
0.267606
0.312696
0.358014
0.403594
0.449472
0.495682
0.542262
0.589248
0.636681
0.684599
0.733043
0.782057
0.831684
0.88197
0.932962
0.98471
1.03726
1.09068
1.14501
1.20031
1.25664
1.31406
1.37263
1.4324
1.49341
1.55573
1.6194
1.68467
1.74797
1.80885
1.8673
1.92337
1.97707
2.02844
2.07751
2.12428
2.16877
2.21101
2.25101
2.28878
2.32433
2.3577
2.38888
2.41791
2.44478
2.46953
2.49215
2.51267
2.53109
2.54743
2.56169
2.5739
2.58405
2.59216
2.59823
2.60228
2.60431
2.60431
2.6023
2.59828
2.59232
2.58459
2.57543
2.56834
2.56309
2.55964
2.55794
2.55799
2.55973
2.56314
2.56815
2.57473
2.58283
2.59239
2.60337
2.6157
2.62935
2.64424
2.66033
2.67756
2.69587
2.71519
2.73546
2.75661
2.77857
2.80127
2.82463
2.84857
2.87303
2.89791
2.92313
2.94861
2.97426
3
0
0.0451769
0.0903868
0.135663
0.181038
0.226546
0.27222
0.318096
0.364207
0.41059
0.457282
0.504318
0.551739
0.599583
0.647891
0.696706
0.746071
0.796032
0.846637
0.897935
0.949978
1.00282
1.05652
1.11114
1.16674
1.22338
1.28114
1.34009
1.40029
1.46183
1.52475
1.5891
1.65482
1.72139
1.78523
1.84656
1.90546
1.96197
2.01611
2.06791
2.11738
2.16454
2.20942
2.25203
2.29238
2.33048
2.36637
2.40004
2.43151
2.46081
2.48794
2.51293
2.53577
2.55648
2.57508
2.59158
2.60598
2.6183
2.62854
2.63672
2.64284
2.64692
2.64895
2.64895
2.64693
2.64289
2.63687
2.62886
2.6186
2.60967
2.60257
2.59739
2.59408
2.59262
2.59294
2.59498
2.59868
2.60399
2.61085
2.61918
2.62894
2.64006
2.65249
2.66616
2.68101
2.69699
2.71403
2.73206
2.75102
2.77084
2.79145
2.81278
2.83475
2.85729
2.88032
2.90376
2.92753
2.95155
2.97573
3
0
0.0459068
0.0918474
0.137856
0.183967
0.230214
0.276633
0.323259
0.370129
0.417278
0.464746
0.512571
0.560793
0.609453
0.658595
0.708262
0.758503
0.809364
0.860897
0.913155
0.966195
1.02008
1.07486
1.13062
1.18742
1.24533
1.30445
1.36485
1.42663
1.48987
1.55467
1.62111
1.68938
1.75585
1.81998
1.88171
1.94102
1.99794
2.0525
2.10469
2.15456
2.2021
2.24734
2.2903
2.33098
2.36942
2.40561
2.43957
2.47133
2.50088
2.52826
2.55346
2.57651
2.59741
2.61618
2.63282
2.64735
2.65977
2.6701
2.67834
2.68451
2.6886
2.69064
2.69062
2.68857
2.68449
2.67841
2.67037
2.66043
2.64915
2.64015
2.63325
2.62838
2.62546
2.62441
2.62516
2.62761
2.63171
2.63738
2.64454
2.65314
2.66311
2.67438
2.68689
2.70057
2.71536
2.7312
2.74801
2.76573
2.78429
2.80362
2.82365
2.84431
2.86551
2.88719
2.90928
2.93168
2.95432
2.97712
3
0
0.0466027
0.0932402
0.139947
0.186759
0.233711
0.280839
0.32818
0.37577
0.423648
0.471854
0.520427
0.569408
0.618842
0.668773
0.719247
0.770314
0.822024
0.874432
0.927594
0.981571
1.03643
1.09223
1.14905
1.20698
1.26608
1.32647
1.38824
1.45149
1.51636
1.58296
1.65128
1.72074
1.78765
1.85215
1.91426
1.97397
2.03129
2.08623
2.13882
2.18905
2.23696
2.28255
2.32584
2.36685
2.40559
2.44207
2.47632
2.50833
2.53814
2.56574
2.59116
2.6144
2.63547
2.6544
2.67117
2.68582
2.69834
2.70874
2.71704
2.72324
2.72735
2.72937
2.72933
2.72723
2.72308
2.71692
2.70877
2.69862
2.68634
2.67563
2.66709
2.66073
2.65643
2.6541
2.65362
2.6549
2.65786
2.66241
2.66848
2.67598
2.68486
2.69504
2.70645
2.71902
2.73269
2.74738
2.76304
2.77959
2.79696
2.81509
2.83389
2.85331
2.87326
2.89367
2.91447
2.93558
2.95693
2.97842
3
0
0.0472639
0.0945634
0.141934
0.189411
0.237032
0.284832
0.33285
0.381124
0.429692
0.478594
0.527874
0.577572
0.627735
0.678407
0.729639
0.781481
0.833986
0.887212
0.941218
0.996069
1.05183
1.10858
1.16639
1.22535
1.28556
1.34711
1.41013
1.47475
1.54113
1.60951
1.68031
1.74966
1.81685
1.88172
1.94421
2.00431
2.06201
2.11733
2.17029
2.22088
2.26913
2.31506
2.35867
2.39999
2.43902
2.47578
2.51029
2.54256
2.57259
2.60041
2.62603
2.64945
2.67069
2.68976
2.70666
2.72142
2.73402
2.74449
2.75284
2.75906
2.76317
2.76518
2.7651
2.76293
2.7587
2.75243
2.74415
2.73394
2.72197
2.70895
2.69876
2.691
2.68544
2.68193
2.68032
2.68052
2.68242
2.68593
2.69097
2.69746
2.70531
2.71447
2.72484
2.73637
2.74899
2.76261
2.77718
2.79263
2.80889
2.82588
2.84353
2.86178
2.88055
2.89977
2.91936
2.93926
2.95938
2.97965
3
0
0.0478897
0.0958155
0.143814
0.19192
0.240173
0.288609
0.337266
0.386183
0.4354
0.484959
0.534902
0.585272
0.636117
0.687483
0.739422
0.791985
0.845229
0.899213
0.953999
1.00965
1.06625
1.12386
1.18258
1.24249
1.30369
1.36629
1.43043
1.49624
1.5639
1.63365
1.7058
1.77573
1.84338
1.90866
1.97155
2.03204
2.09012
2.14581
2.19911
2.25005
2.29863
2.34488
2.3888
2.4304
2.46972
2.50675
2.5415
2.57401
2.60427
2.63229
2.6581
2.68169
2.70308
2.72229
2.73931
2.75416
2.76684
2.77737
2.78575
2.792
2.7961
2.79808
2.79794
2.7957
2.79136
2.78494
2.77648
2.76602
2.75363
2.73943
2.72801
2.71908
2.71241
2.70784
2.70522
2.70443
2.70536
2.70792
2.71201
2.71756
2.72447
2.73267
2.74208
2.75264
2.76427
2.7769
2.79045
2.80487
2.82007
2.836
2.85257
2.86973
2.88739
2.90549
2.92395
2.94271
2.96168
2.9808
3
0
0.0484794
0.0969954
0.145585
0.194284
0.243131
0.292164
0.341421
0.390942
0.440767
0.49094
0.541502
0.592499
0.643977
0.695987
0.74858
0.801809
0.855732
0.910411
0.96591
1.0223
1.07965
1.13805
1.19758
1.25833
1.32042
1.38395
1.44905
1.51587
1.58459
1.65539
1.72849
1.7991
1.86727
1.933
1.9963
2.05717
2.11562
2.17166
2.22531
2.27657
2.32547
2.37202
2.41623
2.45812
2.4977
2.53498
2.56998
2.6027
2.63317
2.66139
2.68737
2.71113
2.73266
2.75199
2.76912
2.78406
2.79682
2.8074
2.81581
2.82206
2.82616
2.8281
2.8279
2.82556
2.82109
2.81451
2.80581
2.79501
2.78213
2.76711
2.75477
2.74489
2.73729
2.7318
2.72829
2.72662
2.72668
2.72838
2.73161
2.73629
2.74233
2.74966
2.75818
2.76784
2.77855
2.79025
2.80286
2.81631
2.83054
2.84547
2.86104
2.87717
2.89379
2.91084
2.92825
2.94594
2.96384
2.98188
3
0
0.0490326
0.098102
0.147245
0.1965
0.245904
0.295495
0.345312
0.395396
0.445788
0.49653
0.547667
0.599243
0.651307
0.703909
0.757101
0.810939
0.865481
0.92079
0.976932
1.03398
1.09201
1.1511
1.21135
1.27284
1.3357
1.40002
1.46595
1.53362
1.60319
1.67482
1.74868
1.81991
1.88859
1.95477
2.01848
2.07972
2.13853
2.19491
2.24888
2.30046
2.34967
2.3965
2.44099
2.48315
2.52298
2.5605
2.59572
2.62866
2.65933
2.68773
2.71388
2.73778
2.75945
2.7789
2.79613
2.81115
2.82398
2.8346
2.84304
2.84929
2.85336
2.85526
2.85499
2.85255
2.84795
2.84118
2.83223
2.8211
2.80776
2.79212
2.77907
2.76843
2.76006
2.7538
2.74951
2.74707
2.74637
2.7473
2.74976
2.75366
2.75892
2.76544
2.77316
2.78199
2.79186
2.80269
2.81443
2.82699
2.8403
2.85431
2.86894
2.88411
2.89977
2.91584
2.93226
2.94895
2.96585
2.98289
3
0
0.0495488
0.0991348
0.148795
0.198567
0.248489
0.298599
0.348937
0.399543
0.450459
0.501727
0.553392
0.6055
0.6581
0.711241
0.764977
0.819364
0.874463
0.930335
0.98705
1.04468
1.1033
1.163
1.22387
1.286
1.34951
1.4145
1.48111
1.54947
1.61973
1.69202
1.76649
1.83826
1.90742
1.97403
2.03811
2.09972
2.15887
2.21557
2.26985
2.32173
2.37122
2.41834
2.46309
2.50549
2.54557
2.58331
2.61875
2.65189
2.68274
2.71132
2.73762
2.76167
2.78347
2.80303
2.82035
2.83545
2.84832
2.85899
2.86744
2.87369
2.87775
2.8796
2.87926
2.87671
2.87197
2.86502
2.85584
2.84441
2.83067
2.81456
2.80095
2.78971
2.78072
2.77382
2.76888
2.76579
2.76443
2.76469
2.76647
2.76968
2.77423
2.78003
2.78701
2.79509
2.80419
2.81424
2.82517
2.8369
2.84938
2.86253
2.87628
2.89057
2.90533
2.9205
2.93599
2.95176
2.96773
2.98383
3
0
0.0500281
0.100093
0.150233
0.200484
0.250886
0.301476
0.352294
0.403381
0.454778
0.506527
0.558675
0.611266
0.66435
0.717978
0.772202
0.827079
0.882671
0.939039
0.996253
1.05439
1.11352
1.17373
1.23512
1.29778
1.36182
1.42736
1.49452
1.56343
1.63423
1.70704
1.78201
1.85423
1.92381
1.99079
2.05523
2.11718
2.17664
2.23365
2.28823
2.34039
2.39015
2.43753
2.48253
2.52518
2.56548
2.60344
2.63908
2.67241
2.70344
2.73218
2.75863
2.78281
2.80473
2.82439
2.84179
2.85696
2.86989
2.88059
2.88905
2.8953
2.89933
2.90113
2.90072
2.89808
2.89321
2.88609
2.87671
2.86502
2.85097
2.83448
2.82045
2.80876
2.79927
2.79187
2.78641
2.78278
2.78087
2.78056
2.78175
2.78436
2.78829
2.79345
2.79977
2.80717
2.81557
2.82491
2.8351
2.84608
2.85778
2.87015
2.88309
2.89657
2.91049
2.92481
2.93946
2.95437
2.96947
2.9847
3
0
0.0504702
0.100977
0.151559
0.202252
0.253094
0.304125
0.355383
0.406908
0.458743
0.51093
0.563514
0.61654
0.670058
0.724118
0.778773
0.834081
0.890101
0.946897
1.00454
1.0631
1.12265
1.18329
1.2451
1.30818
1.37265
1.43861
1.50618
1.5755
1.64671
1.71992
1.79527
1.86786
1.93778
2.0051
2.06986
2.13211
2.19187
2.24917
2.30402
2.35645
2.40647
2.4541
2.49934
2.54221
2.58272
2.62089
2.65672
2.69023
2.72143
2.75032
2.77691
2.80122
2.82324
2.843
2.86048
2.87571
2.88869
2.89941
2.90789
2.91413
2.91813
2.91988
2.9194
2.91667
2.91169
2.90443
2.89488
2.88299
2.8687
2.85195
2.83762
2.82559
2.81576
2.80797
2.80211
2.79806
2.7957
2.79492
2.79563
2.79772
2.80111
2.80572
2.81146
2.81825
2.82603
2.83471
2.84424
2.85453
2.86553
2.87717
2.88938
2.9021
2.91526
2.92881
2.94267
2.95678
2.97108
2.98551
3
0
0.0508754
0.101787
0.152773
0.20387
0.255115
0.306546
0.358204
0.410127
0.462357
0.514937
0.56791
0.621323
0.675224
0.729663
0.784693
0.840371
0.896756
0.953911
1.01191
1.07081
1.13071
1.19167
1.25381
1.31721
1.38198
1.44823
1.51609
1.5857
1.65718
1.73066
1.80628
1.87915
1.94935
2.01695
2.082
2.14453
2.20456
2.26213
2.31724
2.36993
2.42019
2.46805
2.51351
2.5566
2.59732
2.63568
2.67169
2.70537
2.73672
2.76575
2.79248
2.8169
2.83903
2.85887
2.87643
2.89172
2.90473
2.91548
2.92397
2.9302
2.93417
2.93588
2.93533
2.93252
2.92744
2.92007
2.91038
2.89835
2.88391
2.86699
2.85247
2.84025
2.83018
2.82214
2.81601
2.81164
2.80894
2.8078
2.80811
2.80978
2.81272
2.81685
2.82208
2.82835
2.83557
2.84368
2.85261
2.86228
2.87265
2.88363
2.89516
2.90719
2.91965
2.93248
2.94562
2.959
2.97256
2.98625
3
0
0.0512438
0.102524
0.153877
0.205339
0.256948
0.308742
0.360759
0.413038
0.465621
0.518549
0.571867
0.625618
0.679852
0.734617
0.789966
0.845954
0.90264
0.960087
1.01836
1.07754
1.13769
1.19889
1.26125
1.32486
1.38982
1.45625
1.52427
1.59402
1.66564
1.73927
1.81506
1.88811
1.95853
2.02637
2.09166
2.15444
2.21472
2.27254
2.3279
2.38082
2.43131
2.47939
2.52507
2.56836
2.60927
2.64781
2.684
2.71783
2.74933
2.7785
2.80535
2.82988
2.85211
2.87203
2.88966
2.90499
2.91804
2.92881
2.93731
2.94352
2.94746
2.94913
2.94853
2.94564
2.94048
2.93302
2.92324
2.91112
2.89661
2.87962
2.86504
2.85275
2.84259
2.83442
2.82812
2.82357
2.82064
2.81923
2.81923
2.82057
2.82314
2.82687
2.83168
2.83749
2.84423
2.85183
2.86023
2.86935
2.87914
2.88952
2.90045
2.91185
2.92368
2.93585
2.94833
2.96104
2.97393
2.98693
3
0
0.051576
0.103188
0.154871
0.206662
0.258598
0.310715
0.363051
0.415647
0.46854
0.521773
0.575389
0.629432
0.683948
0.738987
0.794599
0.850839
0.907764
0.965436
1.02392
1.08328
1.14361
1.20497
1.26745
1.33116
1.39619
1.46267
1.53072
1.60047
1.67208
1.74572
1.82155
1.89472
1.96529
2.03332
2.09883
2.16184
2.22236
2.28041
2.33599
2.38913
2.43984
2.48813
2.53401
2.57749
2.61858
2.6573
2.69365
2.72764
2.75928
2.78857
2.81553
2.84017
2.86248
2.88248
2.90017
2.91555
2.92864
2.93943
2.94792
2.95412
2.95804
2.95966
2.959
2.95605
2.95081
2.94328
2.93344
2.92129
2.90678
2.88984
2.87534
2.86311
2.85299
2.84483
2.8385
2.83386
2.83081
2.82923
2.82903
2.83012
2.83241
2.83582
2.84028
2.8457
2.85203
2.85919
2.86712
2.87575
2.88503
2.89488
2.90526
2.9161
2.92734
2.93893
2.9508
2.9629
2.97517
2.98756
3
0
0.0518725
0.10378
0.155758
0.207841
0.260066
0.312468
0.365086
0.417957
0.47112
0.524615
0.578485
0.632772
0.687523
0.742784
0.798605
0.855039
0.912142
0.969973
1.0286
1.08808
1.14849
1.20991
1.27243
1.33613
1.40113
1.46753
1.53546
1.60506
1.6765
1.74999
1.82572
1.89891
1.9696
2.0378
2.10351
2.16673
2.22747
2.28573
2.34153
2.39489
2.4458
2.49428
2.54035
2.58402
2.62528
2.66416
2.70066
2.73479
2.76656
2.79598
2.82305
2.84778
2.87018
2.89024
2.90799
2.92342
2.93653
2.94733
2.95582
2.96201
2.9659
2.96748
2.96676
2.96375
2.95844
2.95084
2.94096
2.92881
2.91437
2.89762
2.88335
2.87136
2.86143
2.85342
2.84718
2.84258
2.83951
2.83786
2.83755
2.83847
2.84056
2.84373
2.8479
2.85301
2.85899
2.86578
2.87331
2.88151
2.89034
2.89972
2.90961
2.91994
2.93066
2.94171
2.95304
2.96459
2.9763
2.98812
3
0
0.0521339
0.104302
0.156539
0.208878
0.261356
0.314007
0.366867
0.419975
0.473367
0.527083
0.581163
0.63565
0.690587
0.74602
0.801998
0.858571
0.915793
0.97372
1.03241
1.09194
1.15236
1.21376
1.27622
1.33982
1.40466
1.47085
1.53852
1.60781
1.67889
1.75199
1.82743
1.9006
1.9714
2.03977
2.10568
2.16911
2.23005
2.28852
2.34453
2.39808
2.44918
2.49786
2.5441
2.58794
2.62936
2.6684
2.70504
2.73931
2.7712
2.80073
2.8279
2.85272
2.8752
2.89533
2.91313
2.9286
2.94173
2.95255
2.96104
2.96721
2.97106
2.9726
2.97183
2.96874
2.96336
2.95569
2.94576
2.9336
2.91929
2.90292
2.88911
2.87753
2.86797
2.86024
2.85422
2.84977
2.84678
2.84516
2.84482
2.84566
2.84762
2.85062
2.85459
2.85945
2.86516
2.87163
2.87882
2.88665
2.89509
2.90406
2.91351
2.9234
2.93365
2.94422
2.95506
2.96611
2.97732
2.98863
3
0
0.0523612
0.104756
0.157216
0.209777
0.262472
0.315335
0.368402
0.421708
0.47529
0.529186
0.583435
0.638077
0.693155
0.748713
0.804797
0.861455
0.918738
0.976701
1.0354
1.0949
1.15526
1.21655
1.27886
1.34226
1.40684
1.47271
1.53997
1.60876
1.67925
1.75167
1.82642
1.89965
1.97064
2.03921
2.10533
2.16896
2.23011
2.28878
2.34497
2.39871
2.45
2.49885
2.54527
2.58926
2.63085
2.67002
2.7068
2.7412
2.77321
2.80284
2.83011
2.85501
2.87756
2.89776
2.9156
2.9311
2.94426
2.95508
2.96357
2.96972
2.97354
2.97503
2.97419
2.97104
2.96557
2.95781
2.94778
2.93554
2.92127
2.90567
2.89262
2.88169
2.87266
2.86537
2.85968
2.85549
2.85269
2.85118
2.8509
2.85174
2.85365
2.85655
2.86037
2.86506
2.87054
2.87677
2.88367
2.8912
2.8993
2.90792
2.91699
2.92648
2.93632
2.94647
2.95687
2.96748
2.97823
2.98909
3
0
0.0525554
0.105143
0.157795
0.210543
0.263421
0.316461
0.369698
0.423166
0.4769
0.530936
0.585313
0.640069
0.695244
0.75088
0.807021
0.863713
0.921004
0.978945
1.03759
1.097
1.15722
1.21834
1.28041
1.34352
1.40774
1.47316
1.53989
1.60803
1.67769
1.749
1.82194
1.89594
1.96728
2.03612
2.10246
2.1663
2.22764
2.2865
2.34288
2.3968
2.44826
2.49728
2.54385
2.588
2.62973
2.66905
2.70596
2.74047
2.77259
2.80232
2.82968
2.85466
2.87728
2.89753
2.91542
2.93095
2.94413
2.95496
2.96343
2.96956
2.97334
2.97478
2.97388
2.97065
2.96508
2.9572
2.94701
2.93452
2.91958
2.90588
2.894
2.88395
2.87562
2.86889
2.86366
2.85982
2.8573
2.85599
2.85584
2.85676
2.85869
2.86155
2.8653
2.86987
2.87519
2.88122
2.8879
2.89518
2.903
2.91131
2.92006
2.9292
2.93869
2.94846
2.95848
2.96869
2.97905
2.9895
3
0
0.0527175
0.105466
0.158276
0.211179
0.264207
0.31739
0.370763
0.424357
0.478207
0.532347
0.586813
0.641642
0.696872
0.752543
0.808695
0.865373
0.92262
0.980486
1.03902
1.09827
1.1583
1.21917
1.28093
1.34366
1.40743
1.47231
1.53839
1.60576
1.6745
1.74469
1.81642
1.88988
1.96142
2.03052
2.09709
2.16113
2.22267
2.2817
2.33826
2.39234
2.44397
2.49314
2.53987
2.58417
2.62603
2.66548
2.70251
2.73713
2.76935
2.79918
2.82662
2.85168
2.87436
2.89466
2.91259
2.92816
2.94135
2.95218
2.96065
2.96675
2.9705
2.97188
2.97091
2.96758
2.9619
2.95388
2.94355
2.93096
2.91665
2.90425
2.89356
2.88449
2.87697
2.87091
2.86623
2.86285
2.86068
2.85966
2.85971
2.86077
2.86278
2.86568
2.86941
2.87391
2.87914
2.88503
2.89154
2.89861
2.9062
2.91426
2.92274
2.93159
2.94076
2.95021
2.95989
2.96976
2.97976
2.98986
3
0
0.0528488
0.105727
0.158664
0.211691
0.264836
0.318131
0.371606
0.425293
0.479224
0.533432
0.58795
0.642814
0.698059
0.753723
0.809844
0.866462
0.92362
0.981359
1.03973
1.09877
1.15854
1.2191
1.28048
1.34277
1.406
1.47026
1.53561
1.60212
1.66985
1.73885
1.80916
1.88073
1.95302
2.02245
2.08925
2.15348
2.21519
2.27439
2.3311
2.38535
2.43713
2.48645
2.53333
2.57776
2.61975
2.65932
2.69646
2.73119
2.76351
2.79343
2.82095
2.84608
2.86882
2.88917
2.90714
2.92273
2.93594
2.94677
2.95522
2.9613
2.96501
2.96634
2.96529
2.96187
2.95606
2.94789
2.93733
2.92412
2.91182
2.90092
2.89149
2.88348
2.87686
2.87156
2.86752
2.86466
2.86292
2.86224
2.86257
2.86383
2.86599
2.86898
2.87274
2.87724
2.88242
2.88822
2.89461
2.90153
2.90894
2.91679
2.92505
2.93365
2.94256
2.95173
2.96112
2.97069
2.98039
2.99017
3
0
0.0529505
0.105929
0.158964
0.212084
0.265316
0.318691
0.372238
0.425985
0.479965
0.534206
0.588742
0.643605
0.698829
0.754447
0.810496
0.867013
0.924036
0.981605
1.03976
1.09855
1.15801
1.21819
1.27914
1.34091
1.40356
1.46713
1.53168
1.59726
1.66392
1.73171
1.80066
1.87084
1.94248
2.01201
2.07897
2.14336
2.20521
2.26456
2.32142
2.37581
2.42774
2.47721
2.52422
2.56879
2.6109
2.65059
2.68784
2.72266
2.75507
2.78507
2.81267
2.83787
2.86066
2.88106
2.89907
2.91468
2.9279
2.93873
2.94717
2.95323
2.95689
2.95817
2.95706
2.95353
2.94759
2.93929
2.92878
2.91637
2.90557
2.89613
2.88798
2.8811
2.87544
2.87096
2.86761
2.86534
2.8641
2.86383
2.86448
2.86601
2.86836
2.87149
2.87535
2.87989
2.88506
2.89083
2.89714
2.90396
2.91124
2.91893
2.927
2.9354
2.94409
2.95303
2.96218
2.97149
2.98092
2.99044
3
0
0.0530242
0.106075
0.159179
0.212363
0.265655
0.319081
0.372668
0.426446
0.480443
0.534687
0.589208
0.644036
0.699203
0.754741
0.810681
0.867059
0.923908
0.981264
1.03916
1.09765
1.15675
1.21651
1.27698
1.33819
1.40019
1.46302
1.52671
1.59132
1.65687
1.7234
1.79093
1.8595
1.92905
1.99914
2.06627
2.13077
2.19274
2.25221
2.30921
2.36375
2.41582
2.46542
2.51257
2.55726
2.5995
2.63928
2.67663
2.71155
2.74405
2.77413
2.80179
2.82705
2.8499
2.87035
2.88839
2.90403
2.91726
2.92808
2.93651
2.94254
2.94617
2.94741
2.94623
2.94261
2.93649
2.92788
2.91711
2.90701
2.89797
2.89004
2.88322
2.87749
2.87283
2.86923
2.86663
2.865
2.8643
2.86449
2.86553
2.86737
2.86996
2.87328
2.87727
2.8819
2.88712
2.89289
2.89918
2.90593
2.91312
2.92069
2.92862
2.93686
2.94538
2.95412
2.96307
2.97216
2.98138
2.99067
3
0
0.0530713
0.106168
0.159314
0.212536
0.265859
0.319308
0.372909
0.426689
0.480673
0.53489
0.589366
0.644129
0.699208
0.754631
0.81043
0.866633
0.923272
0.980379
1.03799
1.09613
1.15483
1.21414
1.27408
1.33468
1.39599
1.45803
1.52084
1.58443
1.64884
1.71408
1.78018
1.84716
1.91509
1.98424
2.05119
2.11571
2.17776
2.23734
2.29447
2.34914
2.40135
2.4511
2.49838
2.54319
2.58553
2.62542
2.66286
2.69786
2.73044
2.76059
2.78832
2.81365
2.83655
2.85705
2.87512
2.89078
2.90402
2.91484
2.92324
2.92925
2.93285
2.93405
2.93285
2.92917
2.9229
2.91364
2.90478
2.8966
2.88927
2.88284
2.87735
2.8728
2.86919
2.86648
2.86467
2.86373
2.86362
2.86431
2.86577
2.86796
2.87085
2.87439
2.87856
2.88332
2.88863
2.89445
2.90074
2.90747
2.91461
2.9221
2.92993
2.93805
2.94643
2.95502
2.9638
2.97272
2.98175
2.99086
3
0
0.0530933
0.10621
0.159374
0.212608
0.265937
0.319383
0.372972
0.426726
0.480672
0.534834
0.589237
0.643906
0.698867
0.754148
0.809773
0.865771
0.922169
0.978994
1.03627
1.09404
1.15231
1.21113
1.27051
1.33048
1.39106
1.45229
1.51417
1.57673
1.63998
1.70391
1.76855
1.83387
1.89989
1.96656
2.03353
2.09813
2.16026
2.21993
2.27718
2.332
2.38436
2.43424
2.48165
2.52658
2.56903
2.60901
2.64653
2.68161
2.71425
2.74447
2.77227
2.79765
2.82062
2.84116
2.85927
2.87495
2.88819
2.899
2.90739
2.91336
2.91692
2.91811
2.91693
2.91333
2.90729
2.89898
2.89178
2.88535
2.87965
2.87471
2.87055
2.86719
2.86462
2.86285
2.86185
2.86162
2.86213
2.86336
2.86528
2.86786
2.87107
2.87488
2.87927
2.88419
2.88962
2.89552
2.90186
2.90861
2.91573
2.92319
2.93095
2.93899
2.94726
2.95574
2.96439
2.97317
2.98206
2.99101
3
0
0.053092
0.106206
0.159363
0.212586
0.265896
0.319316
0.372868
0.426573
0.480456
0.534537
0.588841
0.643391
0.698209
0.753319
0.808745
0.86451
0.920639
0.977155
1.03408
1.09144
1.14926
1.20755
1.26634
1.32565
1.3855
1.44589
1.50684
1.56835
1.63042
1.69305
1.75622
1.8199
1.88404
1.94856
2.01326
2.07801
2.14022
2.19993
2.25733
2.31232
2.36484
2.41487
2.46241
2.50745
2.54999
2.59005
2.62764
2.66278
2.69549
2.72577
2.75363
2.77908
2.80211
2.8227
2.84085
2.85656
2.8698
2.8806
2.88895
2.89487
2.89837
2.89954
2.89844
2.89492
2.88896
2.88322
2.87801
2.87335
2.86927
2.8658
2.86296
2.86078
2.85927
2.85843
2.85827
2.85877
2.85993
2.86172
2.86412
2.86712
2.87069
2.8748
2.87944
2.88456
2.89014
2.89616
2.90258
2.90937
2.91651
2.92396
2.9317
2.93968
2.94789
2.95629
2.96484
2.97352
2.98229
2.99113
3
0
0.0530688
0.106158
0.159287
0.212476
0.265747
0.319118
0.37261
0.426244
0.48004
0.534019
0.588201
0.642607
0.697258
0.752175
0.807377
0.862886
0.918722
0.974905
1.03145
1.08839
1.14572
1.20348
1.26166
1.32029
1.37938
1.43893
1.49893
1.5594
1.62031
1.68165
1.74338
1.80546
1.86783
1.93037
1.99295
2.05542
2.11768
2.17725
2.23489
2.2901
2.3428
2.39299
2.44066
2.48581
2.52845
2.56857
2.60621
2.6414
2.67415
2.70448
2.73241
2.75793
2.78103
2.80169
2.81989
2.83562
2.84887
2.85964
2.86794
2.87379
2.87717
2.87821
2.87738
2.87395
2.87042
2.86693
2.86369
2.86078
2.85829
2.85625
2.85471
2.8537
2.85324
2.85335
2.85403
2.85528
2.85709
2.85946
2.86238
2.86582
2.86977
2.87421
2.87911
2.88446
2.89023
2.89639
2.90292
2.9098
2.91698
2.92446
2.93219
2.94016
2.94833
2.95667
2.96516
2.97377
2.98247
2.99122
3
0
0.0530256
0.10607
0.15915
0.212286
0.265496
0.318798
0.372211
0.425753
0.479442
0.533297
0.587337
0.641579
0.696042
0.750745
0.805703
0.860936
0.916459
0.97229
1.02844
1.08493
1.14177
1.19897
1.25654
1.31448
1.37281
1.43151
1.49058
1.55001
1.60978
1.66985
1.7302
1.79075
1.85143
1.91214
1.97274
2.03305
2.09283
2.15152
2.20985
2.26542
2.31827
2.36863
2.41644
2.4617
2.5044
2.54457
2.58224
2.61744
2.65023
2.68061
2.7086
2.7342
2.75738
2.77813
2.7964
2.81216
2.82541
2.83614
2.84438
2.85018
2.85332
2.85376
2.85392
2.85309
2.85182
2.85041
2.84902
2.84781
2.84684
2.8462
2.84593
2.84607
2.84665
2.84769
2.84921
2.85121
2.8537
2.85666
2.8601
2.86401
2.86836
2.87314
2.87835
2.88395
2.88992
2.89626
2.90292
2.9099
2.91717
2.92469
2.93246
2.94043
2.9486
2.95692
2.96537
2.97394
2.98258
2.99128
3
0
0.0529639
0.105945
0.158959
0.212023
0.265154
0.318368
0.371683
0.425114
0.478678
0.532391
0.58627
0.640331
0.694588
0.749058
0.803756
0.858695
0.91389
0.969353
1.0251
1.08113
1.13746
1.19409
1.25104
1.30829
1.36585
1.42371
1.48186
1.54028
1.59893
1.65779
1.7168
1.7759
1.83501
1.89402
1.95281
2.01122
2.06906
2.12614
2.18259
2.23843
2.29125
2.34182
2.38976
2.43514
2.4779
2.51807
2.55572
2.59091
2.62371
2.65413
2.68219
2.70788
2.73118
2.75205
2.77042
2.78623
2.79945
2.81015
2.81828
2.82421
2.82717
2.8296
2.83146
2.83266
2.83338
2.83384
2.8342
2.83458
2.83508
2.83578
2.83673
2.83799
2.83959
2.84156
2.84391
2.84667
2.84983
2.85339
2.85737
2.86174
2.86651
2.87166
2.87718
2.88305
2.88926
2.89579
2.90262
2.90972
2.91709
2.92469
2.93251
2.94052
2.9487
2.95703
2.96548
2.97402
2.98264
2.99131
3
0
0.0528856
0.105786
0.158717
0.211692
0.264728
0.317838
0.371038
0.424342
0.477764
0.53132
0.585022
0.638885
0.692922
0.747145
0.801567
0.8562
0.911053
0.966136
1.02146
1.07703
1.13284
1.18891
1.24523
1.3018
1.3586
1.41564
1.47288
1.53031
1.58788
1.64557
1.70332
1.76105
1.81869
1.87613
1.93327
1.98996
2.04605
2.10141
2.15594
2.20947
2.26146
2.31263
2.36063
2.40622
2.44899
2.48909
2.52665
2.56179
2.59456
2.62501
2.65314
2.67895
2.70241
2.72346
2.742
2.75789
2.77101
2.78174
2.78936
2.79621
2.80157
2.80599
2.80967
2.81269
2.81521
2.81738
2.81935
2.82123
2.82312
2.8251
2.82724
2.82958
2.83217
2.83504
2.83822
2.84171
2.84554
2.84972
2.85423
2.85909
2.86429
2.86981
2.87566
2.88182
2.88828
2.89502
2.90203
2.90929
2.91677
2.92448
2.93237
2.94044
2.94866
2.95702
2.96548
2.97403
2.98265
2.99131
3
0
0.0527923
0.105598
0.15843
0.211302
0.264228
0.317219
0.370289
0.423452
0.476719
0.530102
0.583614
0.637266
0.691069
0.745033
0.799168
0.853483
0.907986
0.962682
1.01758
1.07267
1.12797
1.18347
1.23917
1.29506
1.35112
1.40735
1.46371
1.52018
1.57673
1.6333
1.68984
1.74629
1.80256
1.85856
1.91417
1.96929
2.02377
2.07749
2.13031
2.18205
2.2325
2.28162
2.32892
2.37511
2.41776
2.45764
2.49502
2.53003
2.56275
2.59321
2.62142
2.64738
2.67105
2.69238
2.71123
2.72734
2.73994
2.75146
2.76121
2.76968
2.77691
2.78313
2.78853
2.79323
2.79739
2.80113
2.80459
2.80787
2.81107
2.81427
2.81754
2.82092
2.82447
2.82822
2.8322
2.83643
2.84092
2.8457
2.85075
2.8561
2.86173
2.86764
2.87384
2.8803
2.88702
2.89399
2.90119
2.90862
2.91625
2.92407
2.93206
2.94021
2.94849
2.95689
2.9654
2.97398
2.98262
2.9913
3
0
0.0526856
0.105383
0.158104
0.210859
0.263661
0.316521
0.369449
0.422457
0.475556
0.528756
0.582066
0.635496
0.689055
0.74275
0.79659
0.85058
0.904725
0.959029
1.01349
1.06812
1.1229
1.17784
1.23293
1.28815
1.34349
1.39893
1.45444
1.50999
1.56555
1.62106
1.67647
1.73171
1.7867
1.84136
1.89558
1.94925
2.00226
2.05446
2.10574
2.15593
2.20487
2.25242
2.29834
2.34253
2.38431
2.42368
2.46074
2.49556
2.52819
2.55865
2.58695
2.61309
2.63705
2.65878
2.67822
2.69528
2.70995
2.72294
2.73435
2.74441
2.75327
2.7611
2.76807
2.77432
2.77997
2.78516
2.79
2.79459
2.79902
2.80338
2.80772
2.8121
2.81657
2.82117
2.82593
2.83088
2.83602
2.84139
2.84699
2.85282
2.85889
2.8652
2.87174
2.87851
2.88551
2.89272
2.90013
2.90774
2.91553
2.92348
2.93159
2.93984
2.9482
2.95667
2.96523
2.97386
2.98254
2.99126
3
0
0.0525674
0.105145
0.157742
0.21037
0.263037
0.315754
0.368529
0.421373
0.474293
0.527299
0.580398
0.633597
0.686904
0.740324
0.793862
0.847522
0.901306
0.955216
1.00925
1.06341
1.11768
1.17207
1.22655
1.28112
1.33575
1.39043
1.44512
1.4998
1.55441
1.60892
1.66326
1.71738
1.77118
1.8246
1.87754
1.92989
1.98154
2.03237
2.08226
2.13107
2.17864
2.22484
2.26947
2.31238
2.35326
2.39204
2.42872
2.46329
2.4958
2.52625
2.55464
2.58098
2.60526
2.62747
2.64758
2.66561
2.68165
2.696
2.70883
2.72033
2.73065
2.73993
2.74834
2.756
2.76303
2.76955
2.77566
2.78147
2.78706
2.79249
2.79785
2.80318
2.80854
2.81396
2.81948
2.82512
2.83091
2.83686
2.84299
2.84931
2.85581
2.86252
2.86941
2.8765
2.88378
2.89125
2.89888
2.90669
2.91465
2.92275
2.93099
2.93934
2.94781
2.95636
2.965
2.97369
2.98244
2.99121
3
0
0.0524391
0.104887
0.157351
0.209841
0.262364
0.314928
0.367541
0.420212
0.472945
0.525749
0.57863
0.631592
0.684641
0.73778
0.791012
0.84434
0.897762
0.951278
1.00489
1.05858
1.11235
1.16619
1.22009
1.27402
1.32797
1.38192
1.43582
1.48966
1.54338
1.59694
1.65029
1.70335
1.75606
1.80833
1.86008
1.91122
1.96164
2.01123
2.05987
2.10743
2.1538
2.19881
2.24234
2.28423
2.32432
2.36252
2.39878
2.4331
2.46547
2.4959
2.52439
2.55094
2.57556
2.59825
2.61902
2.63792
2.65506
2.67058
2.68466
2.69743
2.70905
2.71965
2.72936
2.73831
2.7466
2.75434
2.76164
2.76857
2.77524
2.78169
2.78801
2.79425
2.80045
2.80665
2.8129
2.81922
2.82563
2.83215
2.83881
2.8456
2.85254
2.85964
2.8669
2.87431
2.88188
2.8896
2.89747
2.90547
2.91362
2.92188
2.93026
2.93875
2.94732
2.95598
2.9647
2.97348
2.98229
2.99114
3
0
0.0523023
0.104612
0.156935
0.209278
0.261649
0.314053
0.366497
0.418987
0.471527
0.524124
0.57678
0.6295
0.682287
0.735143
0.788068
0.841062
0.894124
0.94725
1.00043
1.05367
1.10695
1.16026
1.21358
1.2669
1.3202
1.37344
1.4266
1.47964
1.53252
1.58519
1.63759
1.68967
1.74136
1.79258
1.84325
1.89328
1.94257
1.99103
2.03854
2.085
2.13029
2.17428
2.21686
2.25789
2.29728
2.33492
2.37079
2.40485
2.43708
2.46749
2.49607
2.52284
2.54779
2.57094
2.59233
2.61201
2.63006
2.64661
2.66178
2.67569
2.68848
2.70026
2.71115
2.72127
2.73071
2.73958
2.74796
2.75595
2.76362
2.77103
2.77826
2.78535
2.79235
2.79931
2.80625
2.81322
2.82023
2.82731
2.83448
2.84174
2.84912
2.85661
2.86422
2.87196
2.87982
2.8878
2.89591
2.90413
2.91246
2.9209
2.92943
2.93806
2.94676
2.95552
2.96435
2.97322
2.98213
2.99106
3
0
0.0521587
0.104323
0.156498
0.208689
0.260901
0.313139
0.365408
0.417711
0.470054
0.522438
0.574867
0.627342
0.679866
0.732437
0.785055
0.837718
0.890423
0.943163
0.995933
1.04872
1.10152
1.15431
1.20709
1.25982
1.31248
1.36505
1.4175
1.46978
1.52186
1.57369
1.62522
1.67639
1.72713
1.77738
1.82705
1.87607
1.92434
1.97178
2.01828
2.06375
2.10808
2.15117
2.19291
2.23321
2.27196
2.30911
2.34461
2.37842
2.41052
2.44091
2.46958
2.49654
2.52181
2.5454
2.56735
2.58772
2.60658
2.62402
2.64015
2.65508
2.66891
2.68176
2.69372
2.7049
2.7154
2.7253
2.73469
2.74365
2.75226
2.76057
2.76864
2.77654
2.7843
2.79197
2.79959
2.80718
2.81477
2.82239
2.83006
2.83778
2.84558
2.85345
2.86142
2.86948
2.87763
2.88589
2.89423
2.90268
2.91121
2.91982
2.92852
2.93729
2.94612
2.95501
2.96395
2.97293
2.98194
2.99096
3
0
0.0520096
0.104023
0.156045
0.208078
0.260127
0.312194
0.364283
0.416397
0.468538
0.520708
0.572907
0.625137
0.677396
0.729684
0.781998
0.834333
0.886685
0.939048
0.991411
1.04377
1.0961
1.14839
1.20063
1.25279
1.30485
1.35679
1.40855
1.46013
1.51146
1.56251
1.61322
1.66354
1.7134
1.76275
1.81151
1.8596
1.90694
1.95346
1.99905
2.04363
2.08711
2.1294
2.17041
2.21006
2.24826
2.28496
2.32012
2.35369
2.38567
2.41604
2.4448
2.47195
2.49751
2.5215
2.54396
2.56495
2.58452
2.60275
2.61973
2.63556
2.65033
2.66413
2.67707
2.68922
2.70068
2.71153
2.72185
2.73171
2.74119
2.75033
2.75921
2.76786
2.77634
2.78469
2.79294
2.80113
2.80929
2.81743
2.82557
2.83374
2.84195
2.85021
2.85853
2.86691
2.87536
2.88388
2.89247
2.90113
2.90987
2.91867
2.92753
2.93646
2.94543
2.95445
2.96351
2.97261
2.98172
2.99086
3
0
0.0518566
0.103716
0.15558
0.207452
0.259334
0.311227
0.363135
0.415057
0.466994
0.518948
0.570918
0.622902
0.674899
0.726906
0.778918
0.830932
0.882939
0.934931
0.986899
1.03883
1.09071
1.14253
1.19425
1.24587
1.29736
1.34868
1.39981
1.45071
1.50134
1.55165
1.6016
1.65114
1.7002
1.74872
1.79664
1.84388
1.89038
1.93606
1.98083
2.02462
2.06734
2.10892
2.14928
2.18835
2.22606
2.26236
2.29721
2.33057
2.36244
2.39278
2.42162
2.44894
2.47477
2.49913
2.52205
2.54359
2.56379
2.58272
2.60047
2.6171
2.63272
2.64739
2.6612
2.67423
2.68658
2.6983
2.70947
2.72017
2.73044
2.74037
2.74999
2.75936
2.76852
2.77751
2.78637
2.79513
2.80381
2.81245
2.82107
2.82967
2.83828
2.84691
2.85557
2.86427
2.87301
2.88179
2.89063
2.89952
2.90846
2.91745
2.92649
2.93557
2.94469
2.95385
2.96304
2.97226
2.9815
2.99074
3
0
0.0517011
0.103403
0.155108
0.206817
0.258529
0.310247
0.361971
0.4137
0.465435
0.517173
0.568914
0.620654
0.672392
0.724122
0.775839
0.827536
0.879207
0.930839
0.982424
1.03395
1.08539
1.13675
1.18798
1.23909
1.29003
1.34077
1.3913
1.44157
1.49153
1.54116
1.59041
1.63921
1.68752
1.73529
1.78244
1.82891
1.87464
1.91956
1.96359
2.00667
2.04871
2.08966
2.12944
2.16799
2.20526
2.24121
2.27578
2.30895
2.34071
2.37105
2.39995
2.42743
2.45351
2.4782
2.50154
2.52356
2.54432
2.56389
2.58231
2.59967
2.61604
2.63149
2.6461
2.65994
2.67309
2.68561
2.69757
2.70903
2.72006
2.73071
2.74103
2.75106
2.76086
2.77046
2.77989
2.78919
2.79839
2.80751
2.81657
2.82559
2.83459
2.84358
2.85258
2.86158
2.87061
2.87966
2.88874
2.89785
2.907
2.91618
2.9254
2.93464
2.94392
2.95322
2.96255
2.9719
2.98126
2.99063
3
0
0.0515442
0.103088
0.154633
0.206177
0.25772
0.309262
0.360802
0.412339
0.463871
0.515395
0.56691
0.618411
0.669893
0.721351
0.772779
0.824169
0.875512
0.926797
0.978011
1.02914
1.08017
1.13108
1.18185
1.23246
1.28288
1.33309
1.38304
1.43272
1.48207
1.53106
1.57965
1.62778
1.6754
1.72247
1.76891
1.81469
1.85972
1.90395
1.94731
1.98974
2.03118
2.07156
2.11083
2.14893
2.1858
2.22142
2.25575
2.28875
2.32042
2.35074
2.37971
2.40734
2.43363
2.45862
2.48233
2.50479
2.52606
2.54619
2.56523
2.58324
2.60029
2.61645
2.63178
2.64635
2.66023
2.67348
2.68616
2.69834
2.71006
2.72138
2.73234
2.74301
2.7534
2.76357
2.77355
2.78336
2.79305
2.80262
2.81211
2.82154
2.83091
2.84025
2.84957
2.85888
2.86819
2.8775
2.88682
2.89616
2.90551
2.91488
2.92428
2.93369
2.94312
2.95257
2.96204
2.97152
2.981
2.9905
3
0
0.0513875
0.102774
0.154157
0.205537
0.256912
0.308279
0.359637
0.410983
0.462315
0.513628
0.56492
0.616185
0.667418
0.718611
0.769758
0.82085
0.871876
0.922824
0.973683
1.02444
1.07507
1.12556
1.17588
1.22603
1.27596
1.32565
1.37507
1.42419
1.47297
1.52137
1.56934
1.61685
1.66384
1.71027
1.75607
1.8012
1.8456
1.8892
1.93196
1.97382
2.01471
2.05458
2.09339
2.13108
2.1676
2.20293
2.23704
2.26989
2.30147
2.33178
2.36081
2.38857
2.41506
2.44032
2.46436
2.48723
2.50895
2.52958
2.54916
2.56776
2.58543
2.60222
2.61821
2.63345
2.648
2.66192
2.67527
2.68809
2.70045
2.7124
2.72397
2.73521
2.74617
2.75688
2.76736
2.77767
2.78781
2.79782
2.80772
2.81753
2.82726
2.83694
2.84658
2.85618
2.86576
2.87532
2.88488
2.89444
2.904
2.91356
2.92313
2.93271
2.9423
2.9519
2.96151
2.97113
2.98075
2.99037
3
0
0.0512319
0.102461
0.153686
0.204903
0.256111
0.307305
0.358483
0.409642
0.460777
0.511884
0.562958
0.613993
0.664982
0.715918
0.766793
0.817596
0.868317
0.918943
0.96946
1.01985
1.0701
1.12019
1.1701
1.2198
1.26927
1.31849
1.36741
1.41601
1.46425
1.5121
1.55951
1.60644
1.65285
1.69869
1.7439
1.78844
1.83226
1.87531
1.91752
1.95886
1.99926
2.03868
2.07707
2.11439
2.1506
2.18567
2.21958
2.25229
2.2838
2.3141
2.34318
2.37106
2.39774
2.42324
2.44758
2.4708
2.49293
2.51401
2.53409
2.55321
2.57144
2.58881
2.6054
2.62124
2.6364
2.65093
2.66489
2.67832
2.69127
2.70379
2.71593
2.72771
2.73919
2.7504
2.76137
2.77213
2.78271
2.79313
2.80342
2.81359
2.82368
2.83368
2.84362
2.8535
2.86335
2.87316
2.88295
2.89272
2.90248
2.91223
2.92198
2.93173
2.94148
2.95123
2.96098
2.97073
2.98049
2.99024
3
0
0.0510788
0.102154
0.153222
0.20428
0.255323
0.306347
0.357349
0.408324
0.459267
0.510172
0.561034
0.611846
0.6626
0.713288
0.7639
0.814426
0.864854
0.915171
0.965362
1.01541
1.0653
1.11501
1.16452
1.21381
1.26285
1.31161
1.36007
1.40818
1.45593
1.50327
1.55015
1.59656
1.64243
1.68773
1.7324
1.77641
1.81971
1.86224
1.90396
1.94483
1.98479
2.0238
2.06182
2.09881
2.13474
2.16958
2.20331
2.2359
2.26734
2.29763
2.32677
2.35475
2.38159
2.40731
2.43192
2.45546
2.47796
2.49945
2.51997
2.53957
2.5583
2.5762
2.59332
2.60971
2.62543
2.64053
2.65504
2.66902
2.68252
2.69557
2.70823
2.72052
2.73249
2.74416
2.75558
2.76677
2.77776
2.78857
2.79923
2.80976
2.82017
2.83048
2.84071
2.85087
2.86097
2.87102
2.88103
2.89102
2.90097
2.91091
2.92083
2.93075
2.94065
2.95055
2.96044
2.97033
2.98022
2.99011
3
0
0.0509293
0.101854
0.152769
0.203671
0.254554
0.305413
0.356243
0.407039
0.457795
0.508505
0.559161
0.609757
0.660284
0.710733
0.761093
0.811353
0.861502
0.911525
0.961406
1.01113
1.06068
1.11003
1.15917
1.20807
1.2567
1.30504
1.35306
1.40073
1.44801
1.49488
1.54129
1.5872
1.63258
1.67739
1.72157
1.7651
1.80792
1.84999
1.89126
1.9317
1.97126
2.00991
2.04759
2.08429
2.11997
2.15461
2.18817
2.22065
2.25204
2.28232
2.3115
2.33958
2.36657
2.39249
2.41734
2.44117
2.46399
2.48585
2.50677
2.5268
2.54598
2.56436
2.58197
2.59887
2.61509
2.6307
2.64572
2.66021
2.67421
2.68776
2.70089
2.71365
2.72607
2.73819
2.75003
2.76162
2.77299
2.78417
2.79518
2.80603
2.81675
2.82736
2.83787
2.84829
2.85863
2.86892
2.87915
2.88934
2.89948
2.9096
2.9197
2.92977
2.93983
2.94987
2.95991
2.96994
2.97996
2.98998
3
0
0.0507844
0.101563
0.15233
0.203081
0.253808
0.304507
0.355171
0.405794
0.456369
0.50689
0.557349
0.607738
0.658047
0.708266
0.758386
0.808394
0.858276
0.90802
0.957609
1.00703
1.05625
1.10527
1.15406
1.20259
1.25085
1.29879
1.34641
1.39366
1.44052
1.48695
1.53292
1.57838
1.62331
1.66767
1.71141
1.75449
1.79688
1.83853
1.8794
1.91946
1.95866
1.99697
2.03436
2.0708
2.10625
2.1407
2.17412
2.20651
2.23784
2.26812
2.29734
2.3255
2.35263
2.37872
2.40379
2.42788
2.451
2.47319
2.49447
2.51489
2.53448
2.55328
2.57134
2.58869
2.60538
2.62145
2.63694
2.65189
2.66635
2.68035
2.69393
2.70712
2.71996
2.73248
2.74472
2.75669
2.76842
2.77994
2.79128
2.80244
2.81346
2.82434
2.83512
2.84578
2.85637
2.86687
2.87731
2.88769
2.89803
2.90832
2.91858
2.92881
2.93902
2.94921
2.95938
2.96955
2.9797
2.98985
3
0
0.0506453
0.101284
0.151909
0.202513
0.253091
0.303636
0.35414
0.404596
0.454998
0.505338
0.555608
0.605798
0.655899
0.705901
0.755792
0.805559
0.85519
0.90467
0.953983
1.00311
1.05204
1.10074
1.1492
1.19739
1.2453
1.29288
1.34012
1.38699
1.43345
1.47948
1.52504
1.5701
1.61462
1.65856
1.7019
1.74458
1.78657
1.82785
1.86836
1.90807
1.94695
1.98496
2.02208
2.05828
2.09353
2.12782
2.16111
2.19341
2.2247
2.25497
2.28423
2.31247
2.33971
2.36596
2.39124
2.41556
2.43894
2.46143
2.48303
2.5038
2.52376
2.54295
2.56141
2.57917
2.59628
2.61277
2.62869
2.64407
2.65895
2.67337
2.68735
2.70095
2.71418
2.72707
2.73967
2.75199
2.76406
2.7759
2.78754
2.799
2.8103
2.82144
2.83246
2.84337
2.85417
2.86489
2.87553
2.8861
2.89661
2.90707
2.91749
2.92787
2.93823
2.94856
2.95887
2.96916
2.97945
2.98973
3
0
0.050513
0.101018
0.151507
0.201973
0.252408
0.302805
0.353156
0.403453
0.45369
0.503857
0.553946
0.603947
0.653851
0.703646
0.753321
0.802862
0.852256
0.901488
0.950541
0.9994
1.04804
1.09645
1.14461
1.19249
1.24006
1.28731
1.33421
1.38072
1.42682
1.47249
1.51768
1.56236
1.6065
1.65007
1.69304
1.73536
1.777
1.81793
1.85811
1.89751
1.9361
1.97385
2.01073
2.04672
2.08179
2.11592
2.14911
2.18132
2.21257
2.24284
2.27213
2.30045
2.32779
2.35419
2.37964
2.40416
2.42779
2.45054
2.47244
2.49352
2.51381
2.53335
2.55217
2.57031
2.5878
2.60468
2.62099
2.63675
2.65202
2.66681
2.68118
2.69513
2.70872
2.72197
2.7349
2.74754
2.75992
2.77206
2.78399
2.79572
2.80728
2.81867
2.82993
2.84106
2.85207
2.86299
2.87381
2.88456
2.89524
2.90587
2.91644
2.92697
2.93746
2.94793
2.95837
2.96879
2.9792
2.9896
3
0
0.0503886
0.100768
0.151129
0.201464
0.251764
0.30202
0.352226
0.402372
0.452451
0.502454
0.552372
0.602195
0.651912
0.701512
0.750983
0.800312
0.849484
0.898484
0.947296
0.995903
1.04428
1.09242
1.1403
1.18788
1.23516
1.2821
1.32867
1.37486
1.42064
1.46596
1.51081
1.55516
1.59896
1.64219
1.68482
1.72681
1.76813
1.80875
1.84864
1.88776
1.92609
1.96361
2.00027
2.03607
2.07098
2.10498
2.13806
2.17021
2.20142
2.23169
2.26101
2.28939
2.31683
2.34335
2.36896
2.39368
2.41752
2.4405
2.46267
2.48403
2.50462
2.52447
2.54362
2.5621
2.57993
2.59716
2.61382
2.62994
2.64555
2.6607
2.6754
2.68969
2.70361
2.71717
2.73041
2.74336
2.75603
2.76845
2.78064
2.79262
2.80442
2.81605
2.82752
2.83886
2.85007
2.86117
2.87217
2.88309
2.89393
2.90471
2.91543
2.9261
2.93673
2.94732
2.95789
2.96843
2.97896
2.98948
3
0
0.0502733
0.100536
0.150778
0.20099
0.251162
0.301287
0.351355
0.401358
0.451289
0.501137
0.550893
0.600548
0.65009
0.699508
0.748789
0.797919
0.846884
0.895669
0.944257
0.99263
1.04077
1.08866
1.13627
1.18359
1.23059
1.27724
1.32353
1.36942
1.4149
1.45992
1.50446
1.54849
1.59199
1.63492
1.67724
1.71894
1.75997
1.80031
1.83994
1.87881
1.91691
1.95421
1.99068
2.02631
2.06108
2.09496
2.12795
2.16004
2.19122
2.22148
2.25083
2.27927
2.3068
2.33343
2.35918
2.38406
2.40809
2.43129
2.45369
2.47531
2.49617
2.5163
2.53575
2.55452
2.57267
2.59021
2.60719
2.62363
2.63956
2.65502
2.67003
2.68463
2.69885
2.7127
2.72623
2.73944
2.75238
2.76505
2.77749
2.78971
2.80173
2.81357
2.82525
2.83678
2.84818
2.85945
2.87062
2.8817
2.89269
2.90361
2.91447
2.92527
2.93603
2.94674
2.95743
2.96809
2.97874
2.98937
3
0
0.0501686
0.100325
0.150458
0.200555
0.250609
0.30061
0.350549
0.400418
0.450208
0.499911
0.549517
0.599015
0.648393
0.697641
0.746745
0.795692
0.844466
0.893052
0.941433
0.989591
1.03751
1.08517
1.13254
1.17961
1.22636
1.27276
1.31878
1.36441
1.40961
1.45435
1.49862
1.54237
1.58559
1.62824
1.67029
1.71172
1.7525
1.7926
1.83198
1.87063
1.90853
1.94563
1.98194
2.01742
2.05205
2.08583
2.11875
2.15078
2.18193
2.21219
2.24156
2.27005
2.29766
2.32439
2.35027
2.3753
2.3995
2.42289
2.4455
2.46734
2.48844
2.50883
2.52854
2.54758
2.56601
2.58384
2.6011
2.61782
2.63404
2.64979
2.66508
2.67996
2.69444
2.70857
2.72235
2.73582
2.74899
2.7619
2.77456
2.787
2.79922
2.81126
2.82313
2.83484
2.8464
2.85784
2.86917
2.88039
2.89152
2.90258
2.91356
2.92449
2.93536
2.94619
2.95699
2.96777
2.97852
2.98926
3
0
0.0500762
0.100138
0.150171
0.200165
0.250109
0.299994
0.349813
0.399556
0.449216
0.498783
0.548248
0.5976
0.646828
0.695919
0.74486
0.793637
0.842236
0.890639
0.938831
0.986794
1.03451
1.08196
1.12912
1.17597
1.22249
1.26865
1.31444
1.35982
1.40477
1.44927
1.49328
1.53679
1.57976
1.62216
1.66397
1.70517
1.74571
1.78559
1.82477
1.86322
1.90093
1.93787
1.97402
2.00936
2.04389
2.07758
2.11042
2.1424
2.17353
2.20379
2.23318
2.26171
2.28939
2.31621
2.3422
2.36736
2.39172
2.41528
2.43807
2.46011
2.48143
2.50204
2.52198
2.54127
2.55994
2.57802
2.59554
2.61252
2.629
2.645
2.66055
2.67568
2.69041
2.70477
2.71878
2.73248
2.74587
2.759
2.77186
2.78449
2.79691
2.80912
2.82116
2.83303
2.84476
2.85635
2.86781
2.87917
2.89044
2.90161
2.91272
2.92375
2.93474
2.94568
2.95658
2.96746
2.97832
2.98916
3
0
0.0499984
0.0999788
0.149925
0.199825
0.249668
0.299446
0.349152
0.398778
0.448316
0.497758
0.547093
0.59631
0.645399
0.694346
0.743139
0.791762
0.840201
0.888439
0.93646
0.984245
1.03178
1.07904
1.126
1.17265
1.21897
1.26492
1.31049
1.35566
1.40039
1.44466
1.48846
1.53174
1.57449
1.61667
1.65827
1.69926
1.7396
1.77928
1.81827
1.85655
1.8941
1.93089
1.96691
2.00214
2.03656
2.07017
2.10295
2.13489
2.16599
2.19625
2.22567
2.25424
2.28197
2.30888
2.33496
2.36024
2.38473
2.40844
2.43139
2.45361
2.47511
2.49593
2.51607
2.53558
2.55447
2.57278
2.59052
2.60773
2.62444
2.64067
2.65644
2.67179
2.68674
2.70132
2.71554
2.72944
2.74303
2.75635
2.76939
2.7822
2.79479
2.80717
2.81936
2.83138
2.84325
2.85497
2.86657
2.87805
2.88943
2.90072
2.91193
2.92308
2.93416
2.9452
2.9562
2.96718
2.97813
2.98907
3
0
0.0499387
0.0998538
0.149726
0.199542
0.249292
0.29897
0.348571
0.398088
0.447513
0.496839
0.546055
0.59515
0.644112
0.692929
0.741587
0.790071
0.838366
0.886456
0.934323
0.981951
1.02932
1.07641
1.1232
1.16967
1.2158
1.26157
1.30696
1.35193
1.39647
1.44055
1.48414
1.52723
1.56978
1.61178
1.65318
1.69398
1.73415
1.77366
1.81249
1.85062
1.88802
1.92468
1.96058
1.99571
2.03005
2.06359
2.09631
2.12822
2.1593
2.18956
2.21899
2.2476
2.27538
2.30236
2.32853
2.35391
2.37851
2.40235
2.42545
2.44782
2.46949
2.49048
2.51081
2.5305
2.54959
2.56809
2.58603
2.60345
2.62036
2.63678
2.65276
2.66831
2.68345
2.69822
2.71263
2.72671
2.74048
2.75396
2.76717
2.78014
2.79287
2.8054
2.81773
2.82989
2.84188
2.85373
2.86544
2.87703
2.88852
2.89991
2.91122
2.92246
2.93363
2.94476
2.95585
2.96691
2.97795
2.98898
3
0
0.0499027
0.0997717
0.149583
0.199324
0.248988
0.298572
0.348075
0.39749
0.446811
0.49603
0.545137
0.594122
0.642971
0.691672
0.74021
0.78857
0.836738
0.884696
0.932428
0.979915
1.02714
1.07408
1.12072
1.16704
1.21301
1.25861
1.30383
1.34863
1.393
1.43691
1.48034
1.52325
1.56564
1.60746
1.64871
1.68935
1.72936
1.76872
1.80741
1.8454
1.88269
1.91924
1.95504
1.99008
2.02434
2.05782
2.0905
2.12237
2.15344
2.1837
2.21314
2.24178
2.26961
2.29665
2.32289
2.34836
2.37306
2.39702
2.42024
2.44274
2.46455
2.48569
2.50618
2.52603
2.54529
2.56396
2.58208
2.59967
2.61675
2.63336
2.64951
2.66523
2.68054
2.69547
2.71005
2.72428
2.73821
2.75184
2.7652
2.7783
2.79117
2.80383
2.81628
2.82855
2.84066
2.85261
2.86443
2.87612
2.8877
2.89918
2.91058
2.9219
2.93315
2.94436
2.95553
2.96666
2.97778
2.98889
3
0
0.0499005
0.0997474
0.149511
0.199182
0.248763
0.298257
0.347665
0.396985
0.44621
0.495333
0.544344
0.59323
0.641979
0.690577
0.73901
0.787263
0.83532
0.883163
0.930777
0.978143
1.02524
1.07206
1.11856
1.16474
1.21058
1.25604
1.30112
1.34578
1.39
1.43376
1.47704
1.51981
1.56205
1.60373
1.64484
1.68534
1.72522
1.76446
1.80302
1.84091
1.87808
1.91454
1.95026
1.98522
2.01942
2.05285
2.08549
2.11734
2.14839
2.17865
2.2081
2.23677
2.26464
2.29172
2.31803
2.34357
2.36836
2.39241
2.41574
2.43836
2.46029
2.48155
2.50218
2.52217
2.54157
2.56039
2.57866
2.5964
2.61363
2.63038
2.64668
2.66255
2.67801
2.69309
2.7078
2.72217
2.73623
2.74999
2.76347
2.7767
2.78968
2.80245
2.81501
2.82739
2.83959
2.85164
2.86354
2.87532
2.88698
2.89854
2.91001
2.9214
2.93273
2.944
2.95523
2.96644
2.97763
2.98881
3
0
0.0499519
0.0998068
0.149531
0.199131
0.248625
0.298028
0.347345
0.396575
0.445713
0.49475
0.543674
0.592475
0.641137
0.689648
0.737991
0.786152
0.834114
0.881861
0.929375
0.976638
1.02363
1.07034
1.11673
1.1628
1.20852
1.25387
1.29882
1.34336
1.38746
1.4311
1.47425
1.5169
1.55901
1.60058
1.64157
1.68196
1.72173
1.76086
1.79933
1.83711
1.87421
1.91058
1.94623
1.98113
2.01528
2.04866
2.08127
2.11309
2.14414
2.17439
2.20386
2.23254
2.26045
2.28757
2.31394
2.33954
2.3644
2.38853
2.41194
2.43466
2.45669
2.47806
2.4988
2.51891
2.53843
2.55737
2.57576
2.59363
2.61099
2.62787
2.64429
2.66028
2.67587
2.69106
2.70589
2.72038
2.73455
2.74842
2.76201
2.77534
2.78842
2.80128
2.81393
2.82639
2.83868
2.85081
2.86279
2.87464
2.88637
2.89799
2.90952
2.92097
2.93235
2.94368
2.95496
2.96622
2.97747
2.98873
3
0
0.0501005
0.0999971
0.149674
0.199186
0.24858
0.297885
0.347111
0.396257
0.445317
0.494278
0.54313
0.591858
0.640448
0.688886
0.737155
0.78524
0.833125
0.880792
0.928224
0.975403
1.02231
1.06893
1.11523
1.16121
1.20683
1.25208
1.29694
1.34138
1.38538
1.42891
1.47197
1.51452
1.55654
1.598
1.6389
1.67919
1.71888
1.75792
1.79631
1.83402
1.87104
1.90735
1.94294
1.9778
2.0119
2.04525
2.07783
2.10964
2.14067
2.17093
2.2004
2.2291
2.25703
2.28419
2.3106
2.33625
2.36117
2.38536
2.40885
2.43164
2.45376
2.47522
2.49604
2.51625
2.53586
2.5549
2.5734
2.59136
2.60882
2.62581
2.64233
2.65843
2.67411
2.6894
2.70433
2.71891
2.73317
2.74713
2.76081
2.77422
2.78738
2.80032
2.81304
2.82558
2.83793
2.85012
2.86216
2.87407
2.88586
2.89753
2.90911
2.92061
2.93203
2.9434
2.95472
2.96602
2.97732
2.98864
3
0
0.0504529
0.100407
0.149984
0.199358
0.248624
0.297821
0.346957
0.396027
0.445018
0.493917
0.542709
0.59138
0.639912
0.688292
0.736503
0.784529
0.832353
0.879958
0.927327
0.97444
1.02128
1.06783
1.11406
1.15997
1.20552
1.25069
1.29547
1.33983
1.38376
1.42722
1.4702
1.51267
1.55461
1.596
1.63682
1.67705
1.71666
1.75564
1.79397
1.83162
1.86859
1.90485
1.9404
1.97521
2.00928
2.0426
2.07516
2.10696
2.13799
2.16824
2.19772
2.22644
2.25439
2.28157
2.30801
2.3337
2.35867
2.38291
2.40645
2.4293
2.45148
2.473
2.4939
2.51418
2.53387
2.55299
2.57156
2.5896
2.60714
2.62421
2.64081
2.65698
2.67274
2.68811
2.70311
2.71777
2.7321
2.74613
2.75987
2.77334
2.78657
2.79956
2.81235
2.82494
2.83734
2.84958
2.86168
2.87363
2.88546
2.89717
2.90879
2.92032
2.93177
2.94316
2.9545
2.96581
2.97713
2.98852
3
0
0.0513042
0.101193
0.150498
0.199637
0.248736
0.297818
0.34687
0.395875
0.444812
0.493663
0.542411
0.591039
0.63953
0.687868
0.736037
0.784021
0.831801
0.879362
0.926685
0.973751
1.02054
1.06704
1.11323
1.15908
1.20458
1.2497
1.29442
1.33873
1.3826
1.42601
1.46893
1.51135
1.55324
1.59457
1.63534
1.67552
1.71508
1.75402
1.7923
1.82991
1.86684
1.90307
1.93858
1.97337
2.00742
2.04072
2.07326
2.10505
2.13607
2.16633
2.19581
2.22454
2.2525
2.27971
2.30617
2.33189
2.35688
2.38116
2.40474
2.42763
2.44985
2.47143
2.49237
2.5127
2.53244
2.55162
2.57024
2.58834
2.60594
2.62306
2.63972
2.65595
2.67176
2.68719
2.70224
2.71695
2.73133
2.74541
2.75919
2.77272
2.78599
2.79903
2.81185
2.82448
2.83692
2.8492
2.86132
2.87331
2.88517
2.89691
2.90855
2.9201
2.93157
2.94297
2.9543
2.9656
2.97689
2.98829
3
0
0.0535706
0.102564
0.151179
0.199955
0.248867
0.297844
0.346832
0.39579
0.444692
0.493513
0.542233
0.590835
0.6393
0.687614
0.735758
0.783715
0.83147
0.879003
0.926299
0.973338
1.0201
1.06657
1.11273
1.15855
1.20401
1.2491
1.2938
1.33807
1.38191
1.42528
1.46817
1.51055
1.55241
1.59372
1.63446
1.6746
1.71414
1.75304
1.7913
1.82889
1.86579
1.902
1.93749
1.97226
2.0063
2.03959
2.07213
2.10391
2.13493
2.16518
2.19467
2.2234
2.25137
2.27859
2.30506
2.3308
2.35581
2.38011
2.40371
2.42663
2.44888
2.47048
2.49145
2.51182
2.53159
2.5508
2.56946
2.58759
2.60522
2.62237
2.63907
2.65533
2.67118
2.68663
2.70172
2.71646
2.73087
2.74497
2.75879
2.77234
2.78564
2.7987
2.81155
2.8242
2.83667
2.84897
2.86111
2.87312
2.88499
2.89675
2.90841
2.91997
2.93145
2.94284
2.95415
2.96538
2.97654
2.98775
3
0.0302074
0.0604149
0.104311
0.151701
0.200136
0.248933
0.297861
0.346822
0.395764
0.444652
0.493463
0.542174
0.590767
0.639224
0.687529
0.735664
0.783613
0.831359
0.878884
0.92617
0.9732
1.01995
1.06641
1.11256
1.15837
1.20382
1.2489
1.29359
1.33785
1.38168
1.42504
1.46792
1.51029
1.55214
1.59343
1.63416
1.6743
1.71382
1.75272
1.79096
1.82854
1.86544
1.90164
1.93713
1.9719
2.00593
2.03921
2.07175
2.10353
2.13454
2.1648
2.19429
2.22302
2.25099
2.27822
2.30469
2.33044
2.35545
2.37976
2.40337
2.42629
2.44856
2.47017
2.49115
2.51152
2.53131
2.55052
2.56919
2.58734
2.60498
2.62214
2.63885
2.65512
2.67098
2.68645
2.70154
2.71629
2.73072
2.74483
2.75866
2.77221
2.78552
2.79859
2.81145
2.82411
2.83658
2.84889
2.86104
2.87305
2.88494
2.8967
2.90836
2.91993
2.9314
2.94279
2.95408
2.96524
2.97612
2.98618
2.99309
