0.01
51
2.5
4
4
4
4
4
4
4
4
4
4
4
4
4
4
4
4
4
4
4
4
4
4
4
4
4
4
4
4
4
4
4
4
4
4
4
4
4
4
4
4
4
4
4
4
4
4
4
4
4
0
1
2.46864
3.03067
3.27944
3.40323
3.46995
3.50761
3.52925
3.54162
3.54846
3.55203
3.55364
3.55417
3.5541
3.55376
3.55332
3.5529
3.55252
3.55222
3.55198
3.55181
3.55168
3.5516
3.55154
3.5515
3.55147
3.55144
3.55141
3.55137
3.55132
3.55122
3.55106
3.55081
3.55041
3.54978
3.54879
3.54727
3.54495
3.54146
3.53622
3.52842
3.51678
3.49943
3.47332
3.43341
3.37075
3.26806
3.08815
2.74068
1.97491
0
1
1.84512
2.37699
2.68742
2.86809
2.97448
3.03754
3.07477
3.09627
3.1082
3.11428
3.11694
3.11761
3.11728
3.11647
3.11553
3.11463
3.11386
3.11324
3.11277
3.11241
3.11216
3.11199
3.11187
3.11179
3.11173
3.11168
3.11162
3.11155
3.11144
3.11125
3.11095
3.11047
3.1097
3.10848
3.10659
3.10369
3.09928
3.09264
3.08274
3.06802
3.04628
3.0141
2.96636
2.89483
2.7861
2.61705
2.34672
1.90159
1.15995
0
1
1.53721
1.94948
2.23204
2.4162
2.53303
2.60565
2.6496
2.67524
2.68926
2.69617
2.69878
2.69902
2.69802
2.69655
2.69497
2.69354
2.69232
2.69136
2.69063
2.6901
2.68972
2.68946
2.68928
2.68916
2.68907
2.689
2.68892
2.68881
2.68865
2.68839
2.68797
2.6873
2.68621
2.68452
2.68188
2.67785
2.67174
2.6626
2.64901
2.62901
2.5997
2.55696
2.49464
2.40373
2.27054
2.07461
1.78563
1.3628
0.765178
0
1
1.35771
1.65843
1.88501
2.04439
2.15129
2.22002
2.26233
2.28682
2.29978
2.30545
2.30686
2.30587
2.30379
2.30134
2.29899
2.29691
2.29522
2.29389
2.2929
2.29217
2.29166
2.29131
2.29108
2.29091
2.2908
2.29071
2.29061
2.29048
2.29028
2.28996
2.28945
2.28863
2.28732
2.28527
2.2821
2.27726
2.26997
2.2591
2.2431
2.21973
2.18593
2.13734
2.06799
1.96945
1.83037
1.63551
1.36636
1.00417
0.540692
0
1
1.23948
1.45006
1.61761
1.74126
1.82697
1.88307
1.91732
1.93643
1.9454
1.94808
1.94703
1.94414
1.94049
1.93684
1.93352
1.93074
1.9285
1.92679
1.92551
1.92459
1.92395
1.92351
1.92322
1.92302
1.92288
1.92277
1.92265
1.9225
1.92228
1.92193
1.92136
1.92045
1.919
1.91674
1.91325
1.90797
1.90003
1.88831
1.87115
1.84639
1.81097
1.76093
1.69088
1.59399
1.46158
1.28366
1.04998
0.75354
0.396788
0
1
1.15516
1.29456
1.40863
1.49464
1.55479
1.59349
1.6159
1.62659
1.62958
1.62775
1.62341
1.61795
1.61242
1.6073
1.60292
1.59933
1.59652
1.59439
1.59283
1.59172
1.59094
1.59042
1.59007
1.58983
1.58967
1.58954
1.58942
1.58926
1.58903
1.58866
1.58807
1.58712
1.58562
1.58329
1.57972
1.57431
1.56626
1.55442
1.53729
1.51277
1.47822
1.43008
1.36407
1.27479
1.1563
1.00227
0.807701
0.570856
0.296806
0
1
1.09206
1.17526
1.24349
1.29439
1.32849
1.34834
1.35701
1.35784
1.35352
1.3464
1.33806
1.32971
1.32198
1.31529
1.30973
1.30532
1.3019
1.29936
1.29751
1.29621
1.2953
1.29469
1.29428
1.29402
1.29383
1.29369
1.29356
1.2934
1.29317
1.2928
1.29221
1.29129
1.28982
1.28755
1.28406
1.27884
1.27108
1.2598
1.24356
1.22063
1.18862
1.14478
1.08561
1.00732
0.905774
0.777391
0.619826
0.43367
0.223728
0
1
1.04359
1.08223
1.11235
1.13227
1.14223
1.14357
1.13842
1.12882
1.11685
1.10398
1.09146
1.07996
1.06999
1.06162
1.05489
1.04961
1.04561
1.04265
1.04052
1.03902
1.038
1.03731
1.03685
1.03655
1.03635
1.0362
1.03606
1.03591
1.03568
1.03533
1.03478
1.03391
1.03253
1.0304
1.02718
1.02234
1.01523
1.00492
0.990256
0.96968
0.941387
0.903058
0.85222
0.786048
0.702
0.597933
0.473111
0.328705
0.168736
0
1
1.00591
1.00927
1.00819
1.00188
0.990464
0.974993
0.956722
0.937206
0.917643
0.899173
0.882415
0.867867
0.855599
0.845627
0.837708
0.831623
0.82704
0.823693
0.821293
0.819621
0.818476
0.817713
0.817209
0.816882
0.816664
0.816508
0.816372
0.816222
0.816013
0.815697
0.815194
0.814405
0.813163
0.811262
0.808369
0.804083
0.797788
0.788765
0.775983
0.75828
0.734115
0.701859
0.659567
0.605438
0.537723
0.455393
0.358261
0.247703
0.12671
0
1
0.976545
0.952058
0.92589
0.897836
0.86835
0.838132
0.808257
0.779614
0.753141
0.729355
0.7087
0.691202
0.676838
0.665303
0.656311
0.649439
0.644335
0.640614
0.637976
0.636138
0.634891
0.634058
0.633515
0.633162
0.632931
0.632769
0.632636
0.632495
0.632309
0.632027
0.63159
0.630896
0.629824
0.628169
0.625689
0.621998
0.616651
0.608986
0.598269
0.583484
0.563571
0.537194
0.5031
0.459939
0.406753
0.342904
0.268638
0.185053
0.0944404
0
1
0.953739
0.907486
0.861358
0.815787
0.771317
0.72878
0.688874
0.65238
0.619725
0.591291
0.567063
0.546975
0.530659
0.51776
0.507759
0.500209
0.494614
0.490575
0.487712
0.485734
0.484391
0.483502
0.482921
0.482547
0.482305
0.48214
0.48201
0.481882
0.481717
0.481478
0.481103
0.480523
0.479614
0.478237
0.476157
0.473108
0.468676
0.462408
0.453651
0.441724
0.425729
0.404816
0.377984
0.344457
0.303531
0.25501
0.199107
0.136802
0.0696836
0
1
0.936187
0.873054
0.811358
0.751846
0.695393
0.64272
0.594584
0.551419
0.513598
0.481109
0.453868
0.431474
0.413513
0.399382
0.388537
0.380368
0.374367
0.370037
0.36699
0.364884
0.363464
0.362522
0.361911
0.361519
0.361269
0.361101
0.360976
0.360859
0.360719
0.360517
0.360211
0.359731
0.358997
0.35787
0.356197
0.353729
0.350193
0.34518
0.338266
0.328862
0.316407
0.300191
0.279633
0.254115
0.223315
0.187072
0.145709
0.0998945
0.0508218
0
1
0.922815
0.846801
0.773081
0.702779
0.636843
0.576171
0.521343
0.472823
0.430692
0.394911
0.365102
0.340829
0.321441
0.30631
0.294723
0.286056
0.279693
0.275131
0.27192
0.269713
0.268224
0.267242
0.266604
0.266198
0.26594
0.265772
0.265651
0.265546
0.265427
0.265264
0.265016
0.264637
0.26405
0.263168
0.261844
0.259922
0.257153
0.253281
0.247933
0.240748
0.231245
0.219015
0.203572
0.184605
0.161835
0.135286
0.105146
0.0719809
0.0365769
0
1
0.912775
0.827037
0.744238
0.665661
0.592476
0.525536
0.465519
0.412707
0.367197
0.32872
0.296885
0.271047
0.250533
0.234554
0.222385
0.213291
0.206647
0.201885
0.198548
0.196253
0.194711
0.193693
0.193036
0.192618
0.192354
0.192185
0.19207
0.191974
0.191875
0.191743
0.191551
0.191255
0.190807
0.190124
0.189118
0.187644
0.185552
0.182614
0.178609
0.17322
0.166176
0.157123
0.145809
0.13196
0.115483
0.0963472
0.0747751
0.0511156
0.0259578
0
1
0.905339
0.812405
0.722819
0.638078
0.559387
0.487732
0.423698
0.367625
0.319448
0.27891
0.245448
0.21841
0.196977
0.180351
0.1677
0.158281
0.151403
0.146489
0.143045
0.140685
0.139098
0.138055
0.137381
0.136954
0.136686
0.136517
0.136405
0.136319
0.136235
0.136133
0.135984
0.135763
0.135423
0.134916
0.13416
0.133072
0.131516
0.12936
0.126409
0.122488
0.117356
0.11083
0.102683
0.0928018
0.0810734
0.0675523
0.0523491
0.0357563
0.0181424
0
1
0.899928
0.801732
0.707201
0.617902
0.535175
0.459981
0.392982
0.334419
0.284262
0.242124
0.20745
0.179464
0.157348
0.140204
0.127196
0.117514
0.110463
0.105426
0.101905
0.0994904
0.0978714
0.096806
0.09612
0.0956856
0.0954149
0.0952459
0.0951372
0.0950587
0.0949891
0.094908
0.0947978
0.0946325
0.0943858
0.0940128
0.0934677
0.0926736
0.0915561
0.0899971
0.0878909
0.0850815
0.0814463
0.0768179
0.0710959
0.0641588
0.0559894
0.0465851
0.0360707
0.0246116
0.0124841
0
1
0.896051
0.794092
0.695991
0.603427
0.517754
0.440012
0.370817
0.310454
0.258807
0.215509
0.17991
0.151238
0.128591
0.111074
0.097785
0.0879152
0.0807265
0.0756011
0.0720177
0.0695658
0.0679206
0.0668403
0.0661444
0.0657051
0.0654319
0.0652634
0.0651571
0.0650849
0.0650253
0.0649628
0.0648803
0.0647622
0.0645838
0.0643207
0.0639306
0.0633729
0.0625796
0.0614895
0.0600066
0.0580536
0.0555166
0.0523205
0.0483631
0.0436062
0.0380042
0.0315968
0.0244379
0.0166676
0.00844864
0
1
0.893326
0.788711
0.688104
0.593215
0.505469
0.425891
0.355147
0.29347
0.24077
0.196613
0.16036
0.131173
0.108153
0.0903504
0.0768654
0.0668501
0.059566
0.054372
0.0507458
0.0482639
0.0466011
0.0455088
0.0448064
0.0443631
0.0440885
0.0439199
0.043816
0.043748
0.043697
0.0436475
0.0435877
0.0435029
0.0433794
0.0431946
0.0429266
0.0425381
0.041995
0.0412413
0.0402305
0.0388904
0.0371701
0.0349945
0.0323262
0.029113
0.0253568
0.0210584
0.0162803
0.0110943
0.00562337
0
1
0.891443
0.784997
0.682646
0.586156
0.496954
0.416112
0.344267
0.281683
0.228226
0.183477
0.146746
0.117204
0.0939087
0.0759111
0.0622791
0.0521651
0.0448087
0.0395685
0.0359095
0.0334077
0.0317311
0.0306311
0.0299235
0.0294777
0.0292018
0.0290337
0.0289311
0.0288667
0.0288214
0.0287823
0.028738
0.0286795
0.0285938
0.0284694
0.0282862
0.028026
0.0276573
0.027154
0.0264726
0.0255812
0.0244294
0.0229886
0.0212147
0.0190965
0.0166154
0.0137936
0.010654
0.00725941
0.00367726
0
1
0.890168
0.782476
0.678948
0.58136
0.491176
0.409457
0.33687
0.273652
0.219684
0.174515
0.137464
0.107668
0.0841874
0.066048
0.0523184
0.0421316
0.0347276
0.0294531
0.0257727
0.023256
0.0215706
0.0204645
0.0197538
0.019306
0.0190295
0.0188614
0.0187601
0.018698
0.0186572
0.0186249
0.0185926
0.0185515
0.0184945
0.0184108
0.0182907
0.0181172
0.0178763
0.017543
0.0170988
0.0165122
0.0157638
0.0148217
0.0136731
0.0122964
0.0106956
0.00887094
0.00685096
0.00466457
0.00236319
0
1
0.889319
0.780802
0.676484
0.57817
0.487323
0.405026
0.331933
0.268295
0.213976
0.168531
0.131256
0.101293
0.0776824
0.0594509
0.0456514
0.0354178
0.0279794
0.0226829
0.0189869
0.0164607
0.0147688
0.0136591
0.0129459
0.012497
0.0122199
0.012052
0.0119514
0.0118911
0.0118531
0.0118261
0.0118014
0.0117733
0.011735
0.011681
0.0116023
0.0114914
0.0113347
0.011122
0.0108349
0.0104612
0.00998019
0.00938162
0.00864745
0.00777515
0.00675698
0.00560375
0.00432423
0.00294453
0.00149084
0
1
0.888766
0.779708
0.674879
0.576086
0.484809
0.402128
0.328707
0.264789
0.210243
0.16461
0.127192
0.0971148
0.0734211
0.0551255
0.0412819
0.0310153
0.0235554
0.0182433
0.0145376
0.0120047
0.0103088
0.00919639
0.00848177
0.00803196
0.00775459
0.00758675
0.00748682
0.00742756
0.00739171
0.00736789
0.00734891
0.00732899
0.00730409
0.007269
0.00721961
0.00714875
0.00705089
0.00691585
0.00673671
0.00650078
0.00620116
0.00582508
0.00536867
0.0048232
0.00419145
0.00347324
0.00268048
0.00182393
0.000923761
0
1
0.888412
0.779009
0.67385
0.574753
0.483198
0.400273
0.326638
0.262543
0.207847
0.162097
0.124583
0.0944343
0.0706844
0.0523491
0.0384753
0.0281886
0.0207138
0.0153923
0.0116799
0.00914285
0.00744418
0.0063302
0.00561453
0.00516423
0.00488663
0.00471889
0.00461929
0.00456085
0.00452626
0.00450476
0.0044892
0.00447507
0.00445844
0.00443653
0.00440538
0.00436201
0.004301
0.00421855
0.00410746
0.00396351
0.00377857
0.00354936
0.00326888
0.00293686
0.00255016
0.00211349
0.00162984
0.00110935
0.000561485
0
1
0.88819
0.77857
0.673206
0.573916
0.482188
0.399107
0.325341
0.261131
0.206343
0.160516
0.122944
0.0927479
0.0689641
0.0506024
0.0367106
0.0264102
0.0189267
0.0135987
0.00988238
0.00734257
0.0056423
0.00452721
0.00381097
0.00336031
0.00308261
0.0029149
0.00281556
0.00275757
0.0027239
0.00270376
0.00269058
0.0026799
0.00266893
0.00265497
0.00263613
0.0026095
0.00257303
0.00252282
0.00245648
0.00236922
0.00225881
0.00212045
0.00195309
0.00175342
0.00152283
0.0012611
0.000972813
0.000661663
0.000335049
0
1
0.888053
0.778301
0.672809
0.573402
0.481565
0.398391
0.324541
0.260262
0.205416
0.159543
0.121933
0.0917098
0.0679038
0.0495269
0.0356231
0.025315
0.0178255
0.0124939
0.00877496
0.00623363
0.00453225
0.00341658
0.00269993
0.00224911
0.00197131
0.00180366
0.00170445
0.00164679
0.00161362
0.00159442
0.00158261
0.00157426
0.00156659
0.00155791
0.00154635
0.0015307
0.00150885
0.00147951
0.00144003
0.00138904
0.00132359
0.00124272
0.00114387
0.00102718
0.000891425
0.000738468
0.000569218
0.000387341
0.000195999
0
1
0.887971
0.778138
0.67257
0.573091
0.48119
0.397957
0.324059
0.259737
0.204857
0.158955
0.121324
0.0910826
0.0672644
0.0488774
0.0349672
0.0246539
0.0171614
0.0118273
0.00810701
0.00556461
0.00386271
0.00274662
0.00202979
0.00157883
0.00130101
0.00113337
0.00103426
0.00097678
0.000943959
0.000925274
0.000914377
0.000907337
0.000901837
0.000896173
0.000889311
0.000880005
0.000867482
0.000850321
0.000827747
0.000798073
0.000760633
0.000713736
0.000657156
0.000589697
0.000511963
0.000423788
0.000326825
0.000222225
0.000112518
0
1
0.887922
0.778041
0.672427
0.572907
0.480967
0.397701
0.323772
0.259427
0.204525
0.158608
0.120962
0.090712
0.0668854
0.0484936
0.034579
0.0242633
0.0167686
0.0114336
0.00771227
0.00516949
0.00346717
0.00235096
0.00163398
0.00118299
0.000905141
0.000737526
0.000638473
0.000581113
0.000548476
0.000530132
0.000519732
0.000513538
0.000509236
0.000505491
0.000501263
0.000495939
0.000488701
0.00047909
0.000466188
0.000449583
0.000428271
0.000402
0.000369892
0.000332065
0.000288075
0.000238589
0.000183851
0.000125091
6.3286e-05
0
1
0.887893
0.777984
0.672344
0.572797
0.480836
0.397549
0.323605
0.259243
0.204331
0.158403
0.120752
0.0904951
0.0666657
0.04827
0.0343541
0.0240365
0.0165413
0.0112054
0.00748395
0.00494077
0.00323845
0.00212208
0.00140513
0.000954092
0.00067627
0.00050866
0.000409656
0.000352356
0.000319844
0.000301678
0.000291595
0.000285853
0.000282301
0.0002796
0.000276997
0.000273864
0.00026985
0.000264436
0.00025737
0.000248091
0.000236414
0.000221782
0.000204164
0.000183155
0.000158983
0.000131567
0.000101452
6.89683e-05
3.49196e-05
0
1
0.887875
0.77795
0.672292
0.572733
0.480757
0.397461
0.323503
0.259137
0.204216
0.158286
0.120628
0.090371
0.066538
0.0481425
0.0342247
0.0239076
0.0164115
0.0110759
0.00735409
0.00481119
0.00310872
0.0019925
0.00127549
0.000824535
0.000546703
0.000379138
0.000280151
0.000222904
0.000190452
0.000172402
0.000162482
0.000157021
0.000153862
0.000151795
0.00015006
0.000148242
0.000145968
0.000143046
0.000139161
0.000134188
0.000127805
0.000119954
0.000110352
9.9057e-05
8.5917e-05
7.11521e-05
5.48181e-05
3.72967e-05
1.88668e-05
0
1
0.887865
0.777927
0.672262
0.57269
0.480709
0.397402
0.323444
0.259069
0.204149
0.158212
0.120557
0.0902959
0.0664654
0.0480677
0.0341519
0.0238336
0.0163389
0.0110028
0.00728182
0.00473873
0.0030367
0.00192042
0.00120363
0.000752653
0.000474917
0.000307355
0.000208416
0.00015119
0.000118788
0.000100794
9.0977e-05
8.56576e-05
8.27357e-05
8.09959e-05
7.97731e-05
7.86437e-05
7.73861e-05
7.57835e-05
7.37381e-05
7.10667e-05
6.77178e-05
6.35195e-05
5.84718e-05
5.2448e-05
4.55253e-05
3.76693e-05
2.90469e-05
1.9744e-05
9.99704e-06
0
1
0.887855
0.777912
0.672235
0.572661
0.480669
0.397364
0.323396
0.259026
0.204098
0.158168
0.120508
0.0902516
0.0664179
0.0480247
0.0341072
0.023792
0.0162965
0.0109624
0.00724111
0.00469906
0.00299694
0.00188118
0.00116436
0.000713622
0.000435887
0.000268423
0.000169493
0.000112313
7.99314e-05
6.19822e-05
5.22142e-05
4.69817e-05
4.41776e-05
4.26289e-05
4.1666e-05
4.09326e-05
4.01971e-05
3.93453e-05
3.82552e-05
3.6881e-05
3.51225e-05
3.29652e-05
3.03245e-05
2.72218e-05
2.36089e-05
1.95526e-05
1.50627e-05
1.02488e-05
5.18396e-06
0
1
0.887848
0.777893
0.672215
0.572628
0.48064
0.397322
0.323362
0.258981
0.204063
0.158125
0.120474
0.0902134
0.0663879
0.047992
0.0340805
0.023764
0.0162723
0.0109377
0.00721859
0.00467639
0.00297542
0.00185963
0.00114336
0.000692622
0.000415118
0.000247665
0.000148827
9.16581e-05
5.93178e-05
4.13869e-05
3.16566e-05
2.64652e-05
2.37312e-05
2.22761e-05
2.14607e-05
2.09244e-05
2.04814e-05
2.00079e-05
1.94475e-05
1.87343e-05
1.78496e-05
1.67419e-05
1.54127e-05
1.38246e-05
1.20011e-05
9.92977e-06
7.65761e-06
5.20479e-06
2.63558e-06
0
1
0.887836
0.777877
0.672182
0.572599
0.480593
0.397286
0.32331
0.258943
0.204013
0.15809
0.120432
0.0901846
0.0663544
0.0479689
0.0340551
0.0237457
0.0162531
0.0109228
0.00720343
0.00466362
0.0029626
0.001848
0.00113175
0.000681543
0.000404064
0.000236827
0.000138006
8.09193e-05
4.85909e-05
3.06952e-05
2.09807e-05
1.58198e-05
1.31185e-05
1.17175e-05
1.09732e-05
1.05459e-05
1.02457e-05
9.97866e-06
9.68026e-06
9.32417e-06
8.8763e-06
8.33091e-06
7.66348e-06
6.88033e-06
5.96731e-06
4.94279e-06
3.8077e-06
2.59112e-06
1.31055e-06
0
1
0.887825
0.777846
0.672151
0.572544
0.480549
0.397219
0.323262
0.258876
0.203968
0.158031
0.120394
0.0901387
0.0663259
0.047936
0.0340348
0.0237236
0.0162391
0.0109082
0.00719352
0.0046536
0.00295505
0.00184049
0.0011254
0.00067526
0.000398279
0.00023108
0.000132453
7.53854e-05
4.31273e-05
2.5243e-05
1.55572e-05
1.04093e-05
7.7317e-06
6.35567e-06
5.65131e-06
5.2755e-06
5.05232e-06
4.88425e-06
4.72513e-06
4.54239e-06
4.32462e-06
4.05508e-06
3.73334e-06
3.34878e-06
2.90762e-06
2.40588e-06
1.85569e-06
1.26128e-06
6.38766e-07
0
1
0.887803
0.777816
0.67209
0.572491
0.480463
0.397154
0.323168
0.258811
0.203881
0.157975
0.120324
0.0900953
0.0662745
0.0479058
0.0340009
0.0237041
0.0162183
0.0108963
0.00718134
0.00464631
0.00294784
0.00183572
0.00112076
0.000671711
0.000394818
0.000228067
0.000129485
7.25842e-05
4.03468e-05
2.25203e-05
1.28449e-05
7.71941e-06
5.052e-06
3.69352e-06
3.00736e-06
2.65979e-06
2.47234e-06
2.35624e-06
2.26269e-06
2.16978e-06
2.06162e-06
1.93374e-06
1.77843e-06
1.59688e-06
1.38506e-06
1.14752e-06
8.84033e-07
6.01692e-07
3.04317e-07
0
1
0.887781
0.777757
0.67203
0.572386
0.480378
0.397026
0.323075
0.258683
0.203795
0.157865
0.120254
0.0900118
0.0662245
0.0478488
0.0339683
0.0236688
0.0161989
0.0108762
0.00717053
0.00463563
0.00294202
0.00183016
0.0011175
0.000668647
0.000392744
0.0002261
0.000127904
7.1052e-05
3.89517e-05
2.1145e-05
1.15151e-05
6.3985e-06
3.74795e-06
2.39713e-06
1.72343e-06
1.38855e-06
1.22018e-06
1.12778e-06
1.06778e-06
1.01638e-06
9.63586e-07
9.01941e-07
8.29952e-07
7.44337e-07
6.4639e-07
5.34883e-07
4.12661e-07
2.80485e-07
1.42074e-07
0
1
0.887739
0.777698
0.671914
0.572282
0.480215
0.396899
0.322896
0.258557
0.203631
0.157756
0.120121
0.089929
0.0661291
0.0477925
0.0339067
0.0236342
0.0161629
0.0108569
0.00715133
0.00462564
0.00293253
0.00182528
0.00111303
0.000666269
0.000390606
0.00022482
0.000126739
7.02065e-05
3.81539e-05
2.04556e-05
1.08436e-05
5.76139e-06
3.11808e-06
1.77939e-06
1.1112e-06
7.84794e-07
6.2489e-07
5.44829e-07
4.9985e-07
4.6915e-07
4.41475e-07
4.12435e-07
3.78688e-07
3.39885e-07
2.94759e-07
2.44255e-07
1.88181e-07
1.28109e-07
6.47924e-08
0
1
0.887697
0.777587
0.671799
0.572088
0.480051
0.396662
0.322718
0.258321
0.203466
0.157553
0.119989
0.0897748
0.0660341
0.0476877
0.0338455
0.0235701
0.0161272
0.0108213
0.00713245
0.00460767
0.00292337
0.00181694
0.0011089
0.000662645
0.000388801
0.000223274
0.000125907
6.94871e-05
3.76884e-05
2.00335e-05
1.05038e-05
5.43667e-06
2.81829e-06
1.48521e-06
8.25383e-07
5.02778e-07
3.48388e-07
2.73727e-07
2.36373e-07
2.14783e-07
1.99311e-07
1.84795e-07
1.69393e-07
1.51682e-07
1.31674e-07
1.08944e-07
8.40668e-08
5.71407e-08
2.89491e-08
0
1
0.887622
0.777478
0.67159
0.571893
0.479757
0.396425
0.322396
0.258085
0.20317
0.15735
0.11975
0.0896207
0.0658626
0.0475831
0.0337351
0.0235061
0.016063
0.0107859
0.00709855
0.00458985
0.00290709
0.00180875
0.00110175
0.000659177
0.000385892
0.000221885
0.000124775
6.89248e-05
3.72296e-05
1.97684e-05
1.02756e-05
5.26853e-06
2.66219e-06
1.34645e-06
6.90759e-07
3.73681e-07
2.21801e-07
1.50573e-07
1.16514e-07
9.94288e-08
8.92349e-08
8.15944e-08
7.42156e-08
6.63626e-08
5.74638e-08
4.76015e-08
3.66675e-08
2.49666e-08
1.26265e-08
0
1
0.887546
0.777286
0.671382
0.571555
0.479463
0.396013
0.322075
0.257673
0.202874
0.156997
0.119511
0.089352
0.0656912
0.0474006
0.0336247
0.0233944
0.0159988
0.010724
0.00706472
0.00455879
0.00289089
0.00179455
0.00109467
0.000653245
0.000383055
0.000219607
0.000123716
6.81025e-05
3.68434e-05
1.9471e-05
1.01199e-05
5.14261e-06
2.57821e-06
1.27159e-06
6.27468e-07
3.13292e-07
1.64912e-07
9.52709e-08
6.32577e-08
4.80949e-08
4.04452e-08
3.57263e-08
3.20475e-08
2.84272e-08
2.45863e-08
2.03108e-08
1.56672e-08
1.06467e-08
5.39459e-09
0
1
0.887419
0.777095
0.671031
0.571217
0.478967
0.395601
0.321534
0.257262
0.202375
0.156643
0.119108
0.0890833
0.0654023
0.0472181
0.0334385
0.0232828
0.0158905
0.0106623
0.00700764
0.00452775
0.00286354
0.00178037
0.00108274
0.000647346
0.000378313
0.000217361
0.000121988
6.7313e-05
3.62582e-05
1.92063e-05
9.92718e-06
5.04931e-06
2.50764e-06
1.22913e-06
5.91564e-07
2.84784e-07
1.38349e-07
7.08317e-08
3.97782e-08
2.57817e-08
1.92043e-08
1.5858e-08
1.37239e-08
1.20049e-08
1.02961e-08
8.49716e-09
6.53478e-09
4.44765e-09
2.24868e-09
0
1
0.887292
0.776783
0.67068
0.570666
0.478471
0.394929
0.320993
0.256593
0.201876
0.156067
0.118706
0.0886456
0.0651134
0.0469207
0.0332524
0.0231009
0.0157823
0.0105615
0.00695056
0.00447715
0.00283621
0.00175726
0.00107084
0.000637734
0.000373586
0.000213716
0.000120274
6.6049e-05
3.56874e-05
1.8802e-05
9.74883e-06
4.92613e-06
2.45139e-06
1.18934e-06
5.69836e-07
2.67549e-07
1.25646e-07
5.93721e-08
2.95522e-08
1.61114e-08
1.01696e-08
7.39485e-09
5.96812e-09
5.02903e-09
4.2526e-09
3.4786e-09
2.6729e-09
1.81322e-09
9.1832e-10
0
1
0.887092
0.776471
0.670126
0.570115
0.47769
0.394258
0.32014
0.255923
0.201089
0.155491
0.118071
0.0882078
0.0646581
0.0466233
0.0329591
0.0229189
0.0156117
0.0104608
0.00686065
0.00442656
0.00279316
0.00173415
0.00105208
0.000628128
0.000366145
0.000210077
0.000117582
6.47913e-05
3.47982e-05
1.84039e-05
9.47905e-06
4.80913e-06
2.37455e-06
1.15569e-06
5.47523e-07
2.56355e-07
1.17378e-07
5.3764e-08
2.47031e-08
1.19483e-08
6.3144e-09
3.87079e-09
2.73517e-09
2.14395e-09
1.74335e-09
1.40554e-09
1.06982e-09
7.25169e-10
3.65969e-10
0
1
0.886891
0.775994
0.669572
0.569273
0.476908
0.393231
0.319287
0.254899
0.200302
0.154611
0.117436
0.0875398
0.0642028
0.0461698
0.0326659
0.0226416
0.0154411
0.0103074
0.00677074
0.00434954
0.00275011
0.001699
0.00103333
0.000613521
0.000358706
0.000204547
0.000114893
6.28831e-05
3.39116e-05
1.7803e-05
9.21186e-06
4.63582e-06
2.30029e-06
1.10922e-06
5.27768e-07
2.44032e-07
1.11613e-07
4.9816e-08
2.22494e-08
9.9366e-09
4.66763e-09
2.38717e-09
1.41634e-09
9.66719e-10
7.29362e-10
5.64307e-10
4.23133e-10
2.8393e-10
1.43208e-10
0
1
0.886594
0.775517
0.668751
0.56843
0.475749
0.392205
0.318023
0.253876
0.199138
0.153731
0.116498
0.0868719
0.0635301
0.0457164
0.032233
0.0223643
0.0151896
0.010154
0.00663834
0.00427252
0.00268679
0.00166385
0.00100578
0.000598915
0.000347787
0.000199019
0.00011095
6.09759e-05
3.26136e-05
1.72031e-05
8.82214e-06
4.46358e-06
2.19333e-06
1.06381e-06
5.00658e-07
2.32747e-07
1.04968e-07
4.68746e-08
2.03828e-08
8.87339e-09
3.85004e-09
1.75524e-09
8.67066e-10
4.9575e-10
3.24133e-10
2.32122e-10
1.6666e-10
1.10118e-10
5.49648e-11
0
1
0.886296
0.77483
0.66793
0.567219
0.474591
0.390729
0.31676
0.252406
0.197973
0.152469
0.115559
0.0859146
0.0628573
0.0450674
0.0318002
0.0219681
0.0149381
0.00993515
0.00650594
0.00416285
0.00262347
0.00161387
0.000978223
0.000578186
0.000336868
0.000191186
0.000107007
5.82783e-05
3.1316e-05
1.63562e-05
8.43284e-06
4.22119e-06
2.0868e-06
1.00048e-06
4.73967e-07
2.17533e-07
9.87333e-08
4.33989e-08
1.89086e-08
8.00501e-09
3.3948e-09
1.43019e-09
6.32272e-10
3.00979e-10
1.64867e-10
1.01974e-10
6.7655e-11
4.27272e-11
2.10153e-11
0
1
0.885881
0.774143
0.666783
0.566007
0.472972
0.389253
0.314996
0.250936
0.19635
0.151206
0.114253
0.0849572
0.0619227
0.0444184
0.0311999
0.0215719
0.0145902
0.00971631
0.00632316
0.00405317
0.00253626
0.0015639
0.000940366
0.000557457
0.000321902
0.000183353
0.000101616
5.55809e-05
2.95459e-05
1.55095e-05
7.90312e-06
3.97896e-06
1.94231e-06
9.37306e-07
4.38021e-07
2.02481e-07
9.05389e-08
4.008e-08
1.71536e-08
7.28465e-09
2.99981e-09
1.23824e-09
5.06128e-10
2.1673e-10
9.91232e-11
5.15797e-11
2.9555e-11
1.72683e-11
8.1301e-12
0
1
0.885465
0.77321
0.665635
0.56436
0.471354
0.387249
0.313232
0.248944
0.194726
0.149498
0.112946
0.0836643
0.060988
0.0435439
0.0305997
0.0210394
0.0142422
0.009423
0.00614037
0.0039066
0.00244904
0.00149732
0.000902508
0.00052993
0.000306937
0.000172985
9.62253e-05
5.20217e-05
2.7776e-05
1.43959e-05
7.37347e-06
3.66142e-06
1.79788e-06
8.548e-07
4.02138e-07
1.82944e-07
8.24053e-08
3.58508e-08
1.54568e-08
6.43229e-09
2.6587e-09
1.06363e-09
4.2681e-10
1.6911e-10
7.00544e-11
3.06694e-11
1.49603e-11
7.61293e-12
3.35413e-12
0
1
0.884914
0.772277
0.664117
0.562714
0.469214
0.385246
0.310904
0.246951
0.192587
0.147789
0.111229
0.0823713
0.0597623
0.0426693
0.0298149
0.0205068
0.0137887
0.00912969
0.005903
0.00376004
0.00233621
0.00143075
0.000853719
0.000502403
0.000287727
0.000162617
8.93338e-05
4.84626e-05
2.55227e-05
1.32824e-05
6.70197e-06
3.3439e-06
1.61553e-06
7.72318e-07
3.57034e-07
1.6343e-07
7.22443e-08
3.16439e-08
1.3368e-08
5.60099e-09
2.26179e-09
9.07988e-10
3.52304e-10
1.3727e-10
5.27372e-11
2.11616e-11
8.85732e-12
3.95831e-12
1.56866e-12
0
1
0.884364
0.771072
0.662598
0.560591
0.467074
0.382667
0.308575
0.244391
0.190447
0.145599
0.109511
0.0807187
0.0585366
0.0415553
0.0290301
0.0198309
0.0133353
0.00875892
0.00566563
0.00357558
0.00222337
0.00134734
0.000804931
0.000468083
0.000268518
0.000149753
8.24424e-05
4.40693e-05
2.32694e-05
1.19148e-05
6.03048e-06
2.95596e-06
1.4332e-06
6.72062e-07
3.11939e-07
1.39838e-07
6.2092e-08
2.65911e-08
1.12877e-08
4.61543e-09
1.87264e-09
7.31606e-10
2.84544e-10
1.07093e-10
4.07144e-11
1.54026e-11
6.15262e-12
2.52475e-12
9.5653e-13
0
