0.01
51
1
0.884364
0.771072
0.662598
0.560591
0.467074
0.382667
0.308575
0.244391
0.190447
0.145599
0.109511
0.0807187
0.0585366
0.0415553
0.0290301
0.0198309
0.0133353
0.00875892
0.00566563
0.00357558
0.00222337
0.00134734
0.000804931
0.000468083
0.000268518
0.000149753
8.24424e-05
4.40693e-05
2.32694e-05
1.19148e-05
6.03048e-06
2.95596e-06
1.4332e-06
6.72064e-07
3.11941e-07
1.3984e-07
6.20938e-08
2.65929e-08
1.12894e-08
4.61706e-09
1.8742e-09
7.3308e-10
2.85909e-10
1.08323e-10
4.17876e-11
1.62932e-11
6.8423e-12
2.99413e-12
1.19483e-12
0
1
0.884914
0.772277
0.664117
0.562714
0.469214
0.385246
0.310904
0.246951
0.192587
0.147789
0.111229
0.0823713
0.0597623
0.0426693
0.0298149
0.0205068
0.0137887
0.00912969
0.005903
0.00376004
0.00233621
0.00143075
0.000853719
0.000502403
0.000287727
0.000162617
8.93338e-05
4.84626e-05
2.55227e-05
1.32824e-05
6.70197e-06
3.3439e-06
1.61553e-06
7.72316e-07
3.57032e-07
1.63428e-07
7.2242e-08
3.16416e-08
1.33658e-08
5.59886e-09
2.25975e-09
9.06059e-10
3.50522e-10
1.35663e-10
5.13392e-11
1.99988e-11
7.95993e-12
3.34581e-12
1.2588e-12
0
1
0.885465
0.77321
0.665635
0.56436
0.471354
0.387249
0.313232
0.248944
0.194726
0.149498
0.112946
0.0836643
0.060988
0.0435439
0.0305997
0.0210394
0.0142422
0.009423
0.00614037
0.0039066
0.00244904
0.00149732
0.000902508
0.00052993
0.000306937
0.000172985
9.62252e-05
5.20217e-05
2.77759e-05
1.43959e-05
7.37346e-06
3.66141e-06
1.79787e-06
8.54791e-07
4.02128e-07
1.82935e-07
8.23962e-08
3.58418e-08
1.5448e-08
6.42379e-09
2.65056e-09
1.05597e-09
4.1972e-10
1.6273e-10
6.44909e-11
2.60552e-11
1.13892e-11
5.18334e-12
2.12111e-12
0
1
0.885881
0.774143
0.666783
0.566007
0.472972
0.389253
0.314996
0.250936
0.19635
0.151206
0.114253
0.0849572
0.0619227
0.0444184
0.0311999
0.0215719
0.0145902
0.00971631
0.00632316
0.00405317
0.00253626
0.0015639
0.000940366
0.000557457
0.000321902
0.000183353
0.000101616
5.55808e-05
2.95459e-05
1.55095e-05
7.9031e-06
3.97894e-06
1.94228e-06
9.37278e-07
4.37994e-07
2.02454e-07
9.05121e-08
4.00536e-08
1.71278e-08
7.25974e-09
2.97601e-09
1.2158e-09
4.85419e-10
1.98059e-10
8.2887e-11
3.80821e-11
1.91411e-11
1.01633e-11
4.53583e-12
0
1
0.886296
0.77483
0.66793
0.567219
0.474591
0.390729
0.31676
0.252406
0.197973
0.152469
0.115559
0.0859146
0.0628573
0.0450674
0.0318002
0.0219681
0.0149381
0.00993515
0.00650594
0.00416285
0.00262347
0.00161387
0.000978223
0.000578186
0.000336868
0.000191186
0.000107007
5.82782e-05
3.13159e-05
1.63562e-05
8.43276e-06
4.22111e-06
2.08672e-06
1.0004e-06
4.7389e-07
2.17458e-07
9.86586e-08
4.33255e-08
1.8837e-08
7.93577e-09
3.32856e-09
1.36787e-09
5.74666e-10
2.49171e-10
1.19728e-10
6.45551e-11
3.87146e-11
2.30419e-11
1.1029e-11
0
1
0.886594
0.775517
0.668751
0.56843
0.475749
0.392205
0.318023
0.253876
0.199138
0.153731
0.116498
0.0868719
0.0635301
0.0457164
0.032233
0.0223643
0.0151896
0.010154
0.00663834
0.00427252
0.00268679
0.00166385
0.00100578
0.000598914
0.000347787
0.000199019
0.00011095
6.09757e-05
3.26134e-05
1.72029e-05
8.82193e-06
4.46337e-06
2.19312e-06
1.0636e-06
5.00452e-07
2.32542e-07
1.04766e-07
4.66759e-08
2.01889e-08
8.68585e-09
3.67094e-09
1.58653e-09
7.11466e-10
3.55583e-10
2.02319e-10
1.30933e-10
8.86182e-11
5.69014e-11
2.80459e-11
0
1
0.886891
0.775994
0.669572
0.569273
0.476908
0.393231
0.319287
0.254899
0.200302
0.154611
0.117436
0.0875398
0.0642028
0.0461698
0.0326659
0.0226416
0.0154411
0.0103074
0.00677074
0.00434954
0.00275011
0.001699
0.00103333
0.00061352
0.000358706
0.000204547
0.000114893
6.28825e-05
3.39111e-05
1.78024e-05
9.21131e-06
4.63527e-06
2.29974e-06
1.10867e-06
5.27222e-07
2.43491e-07
1.11079e-07
4.9291e-08
2.17371e-08
9.44162e-09
4.1945e-09
1.94231e-09
1.00552e-09
5.97469e-10
4.07904e-10
2.97954e-10
2.17263e-10
1.43926e-10
7.22121e-11
0
1
0.887092
0.776471
0.670126
0.570115
0.47769
0.394258
0.32014
0.255923
0.201089
0.155491
0.118071
0.0882078
0.0646581
0.0466233
0.0329591
0.0229189
0.0156117
0.0104608
0.00686065
0.00442655
0.00279316
0.00173415
0.00105208
0.000628126
0.000366144
0.000210076
0.000117581
6.47899e-05
3.47968e-05
1.84025e-05
9.47762e-06
4.8077e-06
2.37312e-06
1.15427e-06
5.46114e-07
2.54958e-07
1.16e-07
5.24095e-08
2.33827e-08
1.06716e-08
5.09591e-09
2.72395e-09
1.67811e-09
1.19249e-09
9.16908e-10
7.19498e-10
5.40884e-10
3.64666e-10
1.83623e-10
0
1
0.887292
0.776783
0.67068
0.570666
0.478471
0.394929
0.320993
0.256592
0.201876
0.156067
0.118706
0.0886456
0.0651134
0.0469207
0.0332524
0.0231009
0.0157823
0.0105615
0.00695056
0.00447715
0.00283621
0.00175726
0.00107083
0.00063773
0.000373583
0.000213712
0.00012027
6.60454e-05
3.56838e-05
1.87984e-05
9.74523e-06
4.92253e-06
2.4478e-06
1.18577e-06
5.66286e-07
2.64031e-07
1.22172e-07
5.59618e-08
2.62259e-08
1.28994e-08
7.10154e-09
4.51187e-09
3.30776e-09
2.63918e-09
2.17355e-09
1.75663e-09
1.3427e-09
9.08769e-10
4.59829e-10
0
1
0.887419
0.777095
0.671031
0.571217
0.478967
0.395601
0.321534
0.257262
0.202375
0.156643
0.119108
0.0890833
0.0654023
0.0472181
0.0334385
0.0232828
0.0158905
0.0106623
0.00700763
0.00452775
0.00286353
0.00178036
0.00108274
0.000647337
0.000378305
0.000217352
0.000121979
6.73041e-05
3.62493e-05
1.91974e-05
9.91832e-06
5.04045e-06
2.49881e-06
1.22033e-06
5.82827e-07
2.76124e-07
1.29804e-07
6.24398e-08
3.1601e-08
1.78807e-08
1.16675e-08
8.76931e-09
7.19385e-09
6.13128e-09
5.19654e-09
4.26651e-09
3.27381e-09
2.22606e-09
1.12503e-09
0
1
0.887546
0.777286
0.671382
0.571555
0.479463
0.396013
0.322075
0.257673
0.202874
0.156997
0.119511
0.089352
0.0656912
0.0474006
0.0336247
0.0233944
0.0159988
0.010724
0.0070647
0.00455876
0.00289087
0.00179452
0.00109464
0.000653224
0.000383034
0.000219585
0.000123695
6.80812e-05
3.6822e-05
1.94496e-05
1.00986e-05
5.12132e-06
2.55698e-06
1.25045e-06
6.06455e-07
2.92476e-07
1.44365e-07
7.51091e-08
4.36028e-08
2.91248e-08
2.23367e-08
1.87189e-08
1.63638e-08
1.43449e-08
1.23429e-08
1.01737e-08
7.84018e-09
5.32564e-09
2.698e-09
0
1
0.887622
0.777477
0.67159
0.571893
0.479757
0.396425
0.322396
0.258085
0.20317
0.15735
0.11975
0.0896206
0.0658626
0.047583
0.033735
0.0235061
0.0160629
0.0107858
0.0070985
0.0045898
0.00290704
0.0018087
0.0011017
0.000659127
0.000385841
0.000221835
0.000124725
6.88746e-05
3.71794e-05
1.97182e-05
1.02255e-05
5.21849e-06
2.6123e-06
1.29677e-06
6.41395e-07
3.24768e-07
1.73548e-07
1.0321e-07
7.03813e-08
5.48792e-08
4.67593e-08
4.16683e-08
3.74525e-08
3.3315e-08
2.87823e-08
2.38194e-08
1.83404e-08
1.24856e-08
6.31398e-09
0
1
0.887697
0.777587
0.671798
0.572087
0.480051
0.396662
0.322718
0.258321
0.203466
0.157553
0.119989
0.0897747
0.066034
0.0476876
0.0338454
0.02357
0.0161271
0.0108212
0.00713233
0.00460755
0.00292326
0.00181682
0.00110878
0.000662529
0.000388685
0.000223158
0.000125791
6.93717e-05
3.7573e-05
1.99182e-05
1.03886e-05
5.32174e-06
2.70368e-06
1.3711e-06
7.12e-07
3.9048e-07
2.37581e-07
1.65035e-07
1.30461e-07
1.12604e-07
1.01825e-07
9.3277e-08
8.5046e-08
7.59761e-08
6.58879e-08
5.4491e-08
4.20402e-08
2.85727e-08
1.44753e-08
0
1
0.887739
0.777697
0.671914
0.572282
0.480214
0.396899
0.322896
0.258557
0.203631
0.157756
0.120121
0.0899288
0.0661289
0.0477922
0.0339065
0.023634
0.0161626
0.0108566
0.00715107
0.00462538
0.00293227
0.00182502
0.00111277
0.00066601
0.000390347
0.000224561
0.00012648
6.99474e-05
3.78948e-05
2.01968e-05
1.0585e-05
5.50328e-06
2.86073e-06
1.52315e-06
8.56666e-07
5.32652e-07
3.76224e-07
3.00834e-07
2.62279e-07
2.39835e-07
2.22921e-07
2.07106e-07
1.89696e-07
1.70079e-07
1.47431e-07
1.22146e-07
9.40972e-08
6.40569e-08
3.23969e-08
0
1
0.887781
0.777756
0.67203
0.572386
0.480378
0.397026
0.323074
0.258683
0.203795
0.157865
0.120254
0.0900113
0.0662239
0.0478482
0.0339677
0.0236683
0.0161983
0.0108756
0.00716997
0.00463506
0.00294145
0.00182959
0.00111693
0.000668077
0.000392175
0.000225531
0.000127335
7.04829e-05
3.83827e-05
2.05765e-05
1.09472e-05
5.83174e-06
3.18282e-06
1.83456e-06
1.16454e-06
8.35122e-07
6.74261e-07
5.92437e-07
5.46321e-07
5.13474e-07
4.83992e-07
4.51863e-07
4.1533e-07
3.72306e-07
3.23247e-07
2.67461e-07
2.06338e-07
1.40245e-07
7.10378e-08
0
1
0.887803
0.777816
0.67209
0.57249
0.480463
0.397153
0.323167
0.25881
0.20388
0.157974
0.120322
0.0900941
0.0662734
0.0479046
0.0339997
0.0237029
0.0162171
0.010895
0.00718012
0.00464509
0.00294662
0.0018345
0.00111953
0.000670488
0.000393595
0.000226844
0.000128262
7.13617e-05
3.91249e-05
2.12992e-05
1.16253e-05
6.5021e-06
3.83837e-06
2.4853e-06
1.80736e-06
1.47134e-06
1.30053e-06
1.20679e-06
1.14381e-06
1.0902e-06
1.03302e-06
9.67765e-07
8.89571e-07
7.98579e-07
6.9258e-07
5.73777e-07
4.42023e-07
3.00848e-07
1.52159e-07
0
1
0.887825
0.777845
0.67215
0.572543
0.480548
0.397217
0.32326
0.258874
0.203966
0.158029
0.120392
0.0901363
0.0663234
0.0479335
0.0340323
0.023721
0.0162366
0.0109056
0.00719096
0.00465103
0.00295248
0.00183792
0.00112283
0.00067269
0.000395709
0.000228511
0.000129883
7.28166e-05
4.05596e-05
2.26773e-05
1.29946e-05
7.85175e-06
5.18176e-06
3.81757e-06
3.1302e-06
2.77947e-06
2.59071e-06
2.47085e-06
2.37507e-06
2.27652e-06
2.16452e-06
2.02844e-06
1.86703e-06
1.67453e-06
1.45386e-06
1.20296e-06
9.27852e-07
6.30641e-07
3.19384e-07
0
1
0.887836
0.777875
0.67218
0.572596
0.48059
0.397282
0.323306
0.258939
0.204009
0.158086
0.120427
0.0901796
0.0663493
0.0479638
0.0340499
0.0237405
0.0162479
0.0109176
0.00719817
0.00465835
0.00295732
0.00184272
0.00112646
0.000676259
0.000398781
0.000231544
0.000132724
7.56378e-05
4.33119e-05
2.54202e-05
1.57123e-05
1.05617e-05
7.87677e-06
6.4997e-06
5.79153e-06
5.41494e-06
5.18749e-06
5.01812e-06
4.85265e-06
4.66742e-06
4.44036e-06
4.16635e-06
3.8321e-06
3.4403e-06
2.9837e-06
2.47141e-06
1.90386e-06
1.29556e-06
6.55276e-07
0
1
0.887847
0.77789
0.672211
0.572623
0.480634
0.397315
0.323354
0.258972
0.204054
0.158115
0.120465
0.0902035
0.0663778
0.0479817
0.03407
0.0237535
0.0162618
0.0109271
0.00720799
0.00466577
0.0029648
0.001849
0.00113273
0.000681991
0.000404486
0.000237034
0.000138198
8.10313e-05
4.86959e-05
3.07734e-05
2.10563e-05
1.58864e-05
1.31847e-05
1.17795e-05
1.10357e-05
1.06043e-05
1.03054e-05
1.00328e-05
9.73629e-06
9.37247e-06
8.927e-06
8.37184e-06
7.70669e-06
6.91245e-06
6.00061e-06
4.9649e-06
3.82881e-06
2.6024e-06
1.31779e-06
0
1
0.887853
0.777907
0.672227
0.572652
0.480657
0.397351
0.323381
0.259009
0.204081
0.158149
0.120488
0.0902319
0.0663979
0.0480043
0.0340867
0.0237713
0.0162758
0.0109416
0.00722023
0.00467815
0.00297602
0.00186025
0.00114343
0.000692683
0.000414948
0.000247484
0.000148558
9.13828e-05
5.90114e-05
4.10784e-05
3.13376e-05
2.61467e-05
2.34086e-05
2.19564e-05
2.11385e-05
2.06085e-05
2.01633e-05
1.97015e-05
1.91401e-05
1.84459e-05
1.75635e-05
1.64835e-05
1.51626e-05
1.3611e-05
1.18045e-05
9.77634e-06
7.53134e-06
5.12439e-06
2.59198e-06
0
1
0.88786
0.777917
0.672247
0.572671
0.480686
0.397376
0.323415
0.259037
0.204115
0.158177
0.120521
0.0902581
0.0664268
0.0480285
0.0341123
0.0237937
0.0162988
0.0109627
0.00724157
0.00469842
0.00299636
0.00188006
0.00116326
0.000712278
0.000434539
0.000266979
0.000168046
0.000110831
7.84483e-05
6.04874e-05
5.07215e-05
4.54855e-05
4.26883e-05
4.11401e-05
4.01922e-05
3.94641e-05
3.87578e-05
3.79206e-05
3.68816e-05
3.55387e-05
3.38611e-05
3.17607e-05
2.92363e-05
2.62242e-05
2.27627e-05
1.88346e-05
1.45234e-05
9.87202e-06
4.99852e-06
0
1
0.887866
0.777932
0.672265
0.572698
0.480714
0.397411
0.323448
0.259077
0.204152
0.158219
0.120559
0.0902995
0.0664651
0.0480686
0.03415
0.0238323
0.0163359
0.0110001
0.00727809
0.00473508
0.00303255
0.0019163
0.00119927
0.000748297
0.000470462
0.0003029
0.000203924
0.000146698
0.000114284
9.62944e-05
8.64751e-05
8.11681e-05
7.82519e-05
7.654e-05
7.53357e-05
7.42634e-05
7.30487e-05
7.15519e-05
6.9593e-05
6.70993e-05
6.39049e-05
5.99778e-05
5.51764e-05
4.95286e-05
4.29585e-05
3.55761e-05
2.74091e-05
1.86483e-05
9.43339e-06
0
1
0.887876
0.777949
0.672293
0.572731
0.480757
0.397457
0.323502
0.259132
0.204213
0.158279
0.120623
0.0903629
0.0665309
0.0481332
0.034216
0.0238973
0.0164015
0.0110651
0.00734338
0.00480002
0.00309759
0.00198115
0.00126416
0.000813103
0.000535274
0.000367671
0.000268687
0.000211427
0.000178983
0.000160933
0.000151032
0.000145585
0.000142471
0.000140442
0.000138804
0.000137074
0.00013499
0.000132247
0.000128697
0.000124051
0.000118209
0.000110892
0.000102082
9.15774e-05
7.94917e-05
6.57833e-05
5.07259e-05
3.44841e-05
1.74598e-05
0
1
0.88789
0.777979
0.672335
0.572787
0.480823
0.397535
0.323587
0.259226
0.20431
0.158383
0.120729
0.0904725
0.0666411
0.0482458
0.0343287
0.0240112
0.0165153
0.0111795
0.00745764
0.00491452
0.003212
0.00209565
0.0013786
0.000927577
0.000649718
0.000482113
0.000383098
0.000325809
0.0002933
0.000275161
0.000265101
0.000259427
0.000255939
0.000253388
0.000250937
0.000248112
0.000244415
0.000239574
0.000233107
0.000224797
0.000214138
0.000201001
0.000184946
0.000166033
0.000144038
0.000119294
9.19256e-05
6.25453e-05
3.1643e-05
0
1
0.887915
0.778027
0.672406
0.572879
0.480934
0.397663
0.32373
0.25938
0.204477
0.158556
0.12091
0.0906575
0.0668308
0.0484375
0.0345229
0.0242064
0.0167118
0.0113763
0.00765505
0.00511207
0.00340979
0.00229348
0.00157652
0.0011255
0.000847658
0.000680034
0.000580995
0.000523642
0.000491042
0.000472732
0.000462424
0.000456327
0.00045224
0.000448729
0.000444961
0.000440145
0.000433806
0.000425189
0.000413886
0.000399042
0.000380319
0.000356869
0.000328578
0.000294849
0.000255982
0.000211894
0.000163412
0.000111112
5.6259e-05
0
1
0.887955
0.778107
0.672524
0.573033
0.481119
0.397877
0.323969
0.259641
0.204754
0.158849
0.121213
0.0909701
0.0671495
0.0487617
0.0348503
0.0245367
0.0170435
0.0117095
0.00798889
0.00544652
0.00374451
0.00262844
0.00191157
0.00146063
0.0011828
0.00101518
0.000916085
0.000858647
0.000825872
0.000807304
0.00079654
0.000789787
0.000784618
0.000779597
0.000773482
0.00076549
0.000754492
0.000739784
0.000720025
0.000694524
0.000661795
0.00062136
0.000571934
0.000513588
0.000445713
0.000369234
0.000284609
0.00019367
9.79995e-05
0
1
0.888022
0.778239
0.67272
0.573285
0.481426
0.398231
0.324364
0.260071
0.205214
0.159331
0.121715
0.0914865
0.0676777
0.0492978
0.0353929
0.0250834
0.0175935
0.0122614
0.00854232
0.00600078
0.00429941
0.00318367
0.00246704
0.0020162
0.00173843
0.00157079
0.00147164
0.00141404
0.00138101
0.00136197
0.00135052
0.00134261
0.00133579
0.00132813
0.00131837
0.00130489
0.00128658
0.00126144
0.00122825
0.00118462
0.00112941
0.00106022
0.000976546
0.000876708
0.000761418
0.000630548
0.000486407
0.000330832
0.000167524
0
1
0.888131
0.778454
0.673035
0.573696
0.481922
0.398805
0.325004
0.260768
0.205958
0.160115
0.122529
0.092325
0.0685339
0.0501683
0.036273
0.025971
0.0184859
0.0131574
0.00944049
0.00690057
0.0052001
0.00408502
0.00336873
0.00291811
0.00264041
0.00247277
0.00237349
0.00231567
0.00228219
0.00226248
0.00224983
0.00224019
0.00223054
0.00221891
0.002203
0.00218115
0.00215056
0.0021093
0.00205374
0.00198176
0.00188929
0.00177468
0.00163444
0.00146843
0.00127508
0.00105675
0.00081492
0.000554677
0.000280743
0
1
0.888304
0.778796
0.673539
0.574349
0.482713
0.399716
0.326023
0.261876
0.207143
0.16136
0.123824
0.0936569
0.0698958
0.0515512
0.0376724
0.0273814
0.0199047
0.0145814
0.0108684
0.00833081
0.00663201
0.00551785
0.00480219
0.00435187
0.00407433
0.00390666
0.00380723
0.00374901
0.00371491
0.00369403
0.00367969
0.00366715
0.00365337
0.00363514
0.00361011
0.00357452
0.00352551
0.00345796
0.00336837
0.00325039
0.00310058
0.00291254
0.00268434
0.0024116
0.00209573
0.00173662
0.00134024
0.000911963
0.000461881
0
1
0.888573
0.779329
0.674322
0.575368
0.483944
0.401139
0.327609
0.263605
0.208986
0.1633
0.125839
0.0957322
0.0720151
0.0537053
0.0398505
0.0295779
0.0221132
0.0167989
0.0130914
0.0105578
0.00886128
0.00774874
0.00703396
0.0065842
0.00630687
0.00613921
0.0060395
0.00598076
0.00594559
0.00592312
0.00590595
0.00588933
0.00586883
0.00584116
0.00580146
0.00574583
0.00566743
0.00556103
0.00541744
0.00523061
0.0049901
0.00469081
0.00432372
0.00388758
0.00337849
0.00280187
0.00216211
0.00147226
0.000745422
0
1
0.888986
0.780144
0.675523
0.576924
0.485828
0.403309
0.330034
0.266241
0.211802
0.166259
0.128915
0.0988962
0.0752493
0.0569895
0.0431733
0.0329268
0.0254817
0.02018
0.0164816
0.0139536
0.012261
0.0111507
0.0104375
0.00998845
0.00971152
0.00954383
0.0094438
0.00938418
0.00934761
0.00932253
0.00930153
0.0092784
0.00924858
0.00920603
0.00914564
0.00905876
0.00893821
0.00877154
0.00854941
0.00825612
0.00788192
0.00741085
0.00683657
0.00614819
0.00534778
0.00443547
0.00342548
0.00233229
0.0011816
0
1
0.889604
0.781367
0.677319
0.579259
0.488646
0.406563
0.333659
0.270189
0.216011
0.170686
0.13351
0.103627
0.0800801
0.0618982
0.0481363
0.037931
0.0305131
0.0252314
0.0215457
0.0190266
0.0173394
0.0162328
0.0155216
0.0150739
0.0147974
0.0146298
0.0145292
0.0144685
0.0144297
0.0144012
0.0143742
0.0143424
0.0142982
0.0142354
0.0141434
0.0140131
0.0138287
0.013577
0.0132363
0.0127906
0.0122147
0.0114943
0.0106073
0.00954827
0.0083077
0.00689679
0.00532701
0.0036297
0.00183863
0
1
0.890515
0.783164
0.679964
0.582686
0.49279
0.411335
0.338984
0.275973
0.222185
0.177168
0.140245
0.110552
0.0871556
0.0690815
0.0554024
0.0452535
0.0378776
0.0326232
0.0289572
0.0264502
0.0247715
0.0236699
0.0229619
0.0225159
0.0222403
0.0220727
0.0219715
0.0219091
0.0218675
0.0218338
0.0217991
0.0217541
0.021691
0.0215979
0.0214636
0.0212692
0.0209976
0.0206207
0.0201153
0.0194452
0.0185851
0.0174972
0.0161631
0.0145565
0.0126784
0.0105292
0.00814013
0.00554715
0.00281169
0
1
0.891827
0.785758
0.683772
0.587629
0.498752
0.418209
0.346635
0.284293
0.231049
0.186482
0.149906
0.120493
0.0973017
0.0793874
0.06582
0.0557555
0.0484359
0.0432227
0.0395828
0.0370944
0.0354268
0.0343328
0.0336292
0.0331859
0.0329114
0.0327441
0.0326419
0.0325774
0.0325316
0.0324914
0.0324453
0.0323837
0.0322932
0.032161
0.0319656
0.0316866
0.0312898
0.0307448
0.0300033
0.0290268
0.0277583
0.0261603
0.0241816
0.0218031
0.0190021
0.0157984
0.0122189
0.00833378
0.00422432
0
1
0.893686
0.789426
0.689165
0.594609
0.507181
0.427901
0.357434
0.29601
0.243538
0.199583
0.163504
0.134466
0.11157
0.0938673
0.0804622
0.0705086
0.0632715
0.0581119
0.0545108
0.0520464
0.0503957
0.0493115
0.0486144
0.0481745
0.047902
0.0477348
0.0476316
0.0475641
0.0475134
0.047464
0.0474041
0.0473189
0.0471942
0.047007
0.0467341
0.046337
0.0457781
0.0449986
0.0439455
0.0425408
0.0407231
0.038409
0.035548
0.0320794
0.0279947
0.0232925
0.0180354
0.0123058
0.00624206
0
1
0.896268
0.794527
0.696645
0.604302
0.51885
0.441331
0.372357
0.31221
0.26077
0.217666
0.182244
0.153729
0.131219
0.113815
0.10062
0.090824
0.0836925
0.0786102
0.0750583
0.0726289
0.0709994
0.0699298
0.0692409
0.0688063
0.0685361
0.0683696
0.0682649
0.0681941
0.0681363
0.0680762
0.0679972
0.0678839
0.0677126
0.0674585
0.0670805
0.0665362
0.065758
0.0646803
0.0632046
0.061244
0.0586778
0.0554149
0.0513417
0.0464009
0.0405367
0.0337761
0.0261745
0.0178782
0.00907119
0
1
0.899796
0.80148
0.706851
0.617487
0.534734
0.459556
0.392615
0.334145
0.284109
0.24211
0.207581
0.179739
0.157757
0.140733
0.127827
0.11823
0.111245
0.10626
0.102777
0.100391
0.0987918
0.0977401
0.0970633
0.096635
0.0963685
0.0962027
0.0960968
0.0960214
0.0959561
0.0958814
0.0957808
0.0956302
0.0954047
0.0950625
0.0945592
0.093822
0.0927763
0.0913073
0.0893043
0.0866101
0.083088
0.0785613
0.0729047
0.0659799
0.0577415
0.0481736
0.0373876
0.0255578
0.0129789
0
1
0.904526
0.810811
0.720507
0.635136
0.555925
0.483869
0.419557
0.363316
0.315069
0.274537
0.241135
0.214189
0.192865
0.176349
0.163801
0.154472
0.147669
0.142815
0.139417
0.137091
0.135529
0.134502
0.13384
0.133421
0.133159
0.132994
0.132887
0.132807
0.132731
0.132641
0.132513
0.132321
0.132026
0.131585
0.130922
0.129961
0.128577
0.126641
0.123966
0.120374
0.115623
0.109508
0.101786
0.0923025
0.0809175
0.0676428
0.052573
0.0359904
0.0182885
0
1
0.910776
0.823107
0.738504
0.658311
0.583735
0.515663
0.454767
0.401324
0.355395
0.316678
0.284735
0.258885
0.238417
0.222518
0.210439
0.201434
0.194869
0.190174
0.186889
0.184635
0.183122
0.182125
0.181483
0.181075
0.180819
0.180657
0.180548
0.180463
0.180377
0.180268
0.180111
0.179868
0.1795
0.178936
0.178099
0.176865
0.175096
0.17259
0.169133
0.164431
0.158203
0.150095
0.139817
0.127057
0.111658
0.093536
0.0728544
0.0499473
0.0254109
0
1
0.918897
0.839085
0.761805
0.688281
0.619552
0.556552
0.499883
0.449972
0.40686
0.370429
0.340238
0.315771
0.296321
0.281206
0.269681
0.261091
0.254808
0.250316
0.247165
0.245004
0.24355
0.242593
0.241974
0.241581
0.241332
0.241174
0.241063
0.240973
0.240876
0.240748
0.240556
0.240264
0.239808
0.239119
0.238079
0.236554
0.234338
0.231204
0.226825
0.220862
0.212865
0.202408
0.188992
0.172228
0.151765
0.127505
0.0995536
0.068401
0.0348418
0
1
0.929324
0.859531
0.791572
0.726384
0.664973
0.608162
0.556707
0.511017
0.471355
0.437613
0.409565
0.386709
0.368512
0.354304
0.343466
0.335355
0.329424
0.325168
0.322186
0.320133
0.318753
0.317842
0.317253
0.316877
0.316639
0.316484
0.316374
0.316278
0.316171
0.316023
0.3158
0.315451
0.314913
0.314085
0.312845
0.310999
0.308326
0.304493
0.299135
0.291742
0.281785
0.268597
0.25155
0.22997
0.203376
0.171452
0.134319
0.0925265
0.0472202
0
1
0.942551
0.88542
0.829055
0.77418
0.721603
0.672274
0.626939
0.586277
0.550586
0.520033
0.494424
0.473484
0.456705
0.443585
0.433523
0.425992
0.420459
0.416493
0.4137
0.411781
0.410486
0.409632
0.409077
0.408723
0.408497
0.408349
0.408239
0.40814
0.408022
0.407857
0.407601
0.407205
0.406583
0.405632
0.404185
0.402042
0.398894
0.394383
0.387991
0.37914
0.367057
0.35093
0.329783
0.302719
0.268861
0.227697
0.179131
0.123851
0.0633551
0
1
0.959226
0.917877
0.875796
0.833301
0.791233
0.750544
0.712306
0.677293
0.646159
0.619138
0.596332
0.577505
0.56237
0.550449
0.541297
0.534406
0.529346
0.525699
0.523135
0.521364
0.520172
0.519381
0.518869
0.51854
0.51833
0.518188
0.518082
0.51798
0.517856
0.517675
0.517396
0.516955
0.516268
0.515203
0.51359
0.511168
0.507616
0.502458
0.495128
0.48484
0.470694
0.451529
0.42611
0.393024
0.351
0.298967
0.236555
0.164352
0.0843679
0
1
0.980193
0.958424
0.933573
0.905692
0.875606
0.844679
0.814209
0.785447
0.759204
0.736089
0.716277
0.69981
0.686435
0.675872
0.667701
0.661546
0.656997
0.653723
0.651407
0.649812
0.648731
0.648016
0.647551
0.647252
0.647059
0.646928
0.646826
0.646725
0.646596
0.646408
0.646111
0.645645
0.644909
0.643773
0.64203
0.63942
0.635542
0.629902
0.621781
0.610314
0.594312
0.572392
0.542806
0.503662
0.452887
0.388695
0.309913
0.216835
0.111864
0
1
1.00676
1.00914
1.00478
0.993499
0.976646
0.956094
0.933864
0.911552
0.890469
0.87137
0.854761
0.840739
0.829284
0.820143
0.813061
0.807683
0.803713
0.800835
0.798804
0.797395
0.796444
0.795811
0.7954
0.795135
0.794963
0.794844
0.794749
0.794651
0.794525
0.794334
0.794036
0.79356
0.792813
0.791645
0.789861
0.787153
0.783132
0.77721
0.768647
0.756385
0.73911
0.715041
0.682034
0.637396
0.578148
0.501136
0.40385
0.285428
0.148403
0
1
1.04108
1.07329
1.09262
1.09942
1.09618
1.08607
1.07188
1.05597
1.03991
1.02488
1.01146
0.999984
0.990474
0.982857
0.976896
0.972369
0.969
0.966563
0.964831
0.963634
0.962819
0.96228
0.961927
0.961699
0.96155
0.961447
0.961361
0.961272
0.961151
0.960971
0.960683
0.960227
0.959501
0.958373
0.956628
0.953986
0.950016
0.944155
0.935573
0.923194
0.905483
0.880466
0.845439
0.796996
0.730789
0.641832
0.524988
0.37677
0.198394
0
1
1.08736
1.15635
1.20183
1.22663
1.2361
1.23529
1.22834
1.21815
1.20682
1.19559
1.18531
1.17632
1.16881
1.16271
1.15794
1.15428
1.15156
1.14958
1.14817
1.14719
1.14653
1.14609
1.1458
1.14562
1.14549
1.14541
1.14533
1.14525
1.14515
1.14499
1.14473
1.14432
1.14366
1.14263
1.14105
1.13863
1.13499
1.12955
1.12155
1.10986
1.09297
1.06867
1.03399
0.984726
0.915185
0.817756
0.683181
0.502084
0.270346
0
1
1.15463
1.26808
1.33922
1.37889
1.39776
1.40379
1.40228
1.39676
1.38941
1.38167
1.37428
1.36773
1.36216
1.35762
1.35403
1.35128
1.34922
1.34772
1.34665
1.34591
1.3454
1.34506
1.34484
1.3447
1.34461
1.34454
1.34448
1.34442
1.34433
1.3442
1.34399
1.34365
1.34311
1.34226
1.34094
1.33893
1.33587
1.3313
1.3245
1.31451
1.29985
1.27848
1.24732
1.20186
1.13527
1.0373
0.892814
0.681402
0.382589
0
1
1.26514
1.42619
1.51406
1.55957
1.58143
1.59013
1.5916
1.58922
1.58506
1.58027
1.57557
1.57129
1.56764
1.56462
1.56224
1.56039
1.55902
1.55801
1.55729
1.55679
1.55645
1.55622
1.55607
1.55598
1.55591
1.55587
1.55583
1.55578
1.55572
1.55563
1.55548
1.55523
1.55485
1.55424
1.5533
1.55184
1.54964
1.54632
1.54137
1.53401
1.52314
1.50705
1.48318
1.44741
1.39305
1.30852
1.17336
0.950796
0.579974
0
1
1.48118
1.66033
1.73537
1.7692
1.78457
1.79091
1.79259
1.7919
1.79007
1.78782
1.78553
1.78344
1.78162
1.78012
1.77893
1.77801
1.77732
1.77681
1.77645
1.7762
1.77603
1.77591
1.77584
1.77579
1.77576
1.77573
1.77571
1.77569
1.77566
1.77561
1.77553
1.77541
1.7752
1.77489
1.77439
1.77363
1.77248
1.77073
1.76811
1.76421
1.75839
1.74972
1.73666
1.71671
1.68538
1.63403
1.54407
1.37034
0.987455
0
1.5
2
2
2
2
2
2
2
2
2
2
2
2
2
2
2
2
2
2
2
2
2
2
2
2
2
2
2
2
2
2
2
2
2
2
2
2
2
2
2
2
2
2
2
2
2
2
2
2
2
3
