0.01
51
0
2.15989e-12
6.17705e-12
1.64056e-11
4.35602e-11
1.18955e-10
3.1763e-10
8.49585e-10
2.19045e-09
5.61328e-09
1.38415e-08
3.38581e-08
7.97683e-08
1.86271e-07
4.1951e-07
9.35812e-07
2.01618e-06
4.29958e-06
8.86788e-06
1.80914e-05
3.57445e-05
6.98081e-05
0.000132208
0.000247327
0.00044926
0.000805553
0.00140425
0.00241479
0.00404202
0.00667012
0.0107267
0.0169969
0.0262768
0.0400058
0.0594928
0.0870904
0.124666
0.17561
0.242156
0.328533
0.436798
0.571342
0.733172
0.925726
1.148
1.40122
1.68177
1.98779
2.31322
2.65309
3
0
2.52766e-12
7.56938e-12
2.02656e-11
5.5315e-11
1.48394e-10
4.00527e-10
1.04441e-09
2.71043e-09
6.77105e-09
1.6788e-08
4.00886e-08
9.49158e-08
2.16717e-07
4.90275e-07
1.07109e-06
2.31694e-06
4.84659e-06
1.00317e-05
2.01059e-05
3.98471e-05
7.6568e-05
0.000145388
0.000268002
0.00048785
0.000863181
0.00150721
0.00256116
0.00429224
0.00700863
0.0112801
0.017709
0.0273891
0.0413662
0.0615205
0.0894448
0.128008
0.179287
0.247114
0.333686
0.443368
0.57776
0.740853
0.932711
1.15574
1.40764
1.68814
1.99235
2.31683
2.65474
3
0
3.69377e-12
1.02903e-11
2.64372e-11
6.81785e-11
1.81432e-10
4.74385e-10
1.24382e-09
3.15132e-09
7.93407e-09
1.9253e-08
4.63249e-08
1.07506e-07
2.47169e-07
5.48785e-07
1.20637e-06
2.56435e-06
5.39359e-06
1.09842e-05
2.21204e-05
4.31878e-05
8.33278e-05
0.000156065
0.000288676
0.000518955
0.00092081
0.00158979
0.00270752
0.00449197
0.00734713
0.0117198
0.0184211
0.028269
0.0427267
0.0631181
0.0917991
0.130632
0.182964
0.250993
0.338839
0.448493
0.584178
0.746831
0.939697
1.16175
1.41406
1.69308
1.99691
2.31963
2.65639
3
0
6.35511e-12
1.61536e-11
3.64111e-11
8.70126e-11
2.15902e-10
5.56505e-10
1.41448e-09
3.60214e-09
8.88003e-09
2.1729e-08
5.13316e-08
1.20108e-07
2.71482e-07
6.07307e-07
1.31393e-06
2.81178e-06
5.82678e-06
1.19368e-05
2.37092e-05
4.65285e-05
8.86377e-05
0.000166742
0.000304849
0.00055006
0.000965707
0.00167237
0.0028211
0.00469169
0.00760877
0.0121595
0.0189695
0.0291489
0.0437706
0.0647157
0.0935998
0.133255
0.185768
0.254872
0.342758
0.453619
0.589049
0.752809
0.944988
1.16776
1.41892
1.69802
2.00035
2.32243
2.65764
3
0
1.30949e-11
2.97165e-11
5.82065e-11
1.18755e-10
2.68817e-10
6.43794e-10
1.60868e-09
3.97884e-09
9.85308e-09
2.36687e-08
5.63676e-08
1.2983e-07
2.95826e-07
6.52222e-07
1.42152e-06
3.00105e-06
6.26e-06
1.26632e-05
2.52981e-05
4.90683e-05
9.39476e-05
0.000174835
0.000321021
0.000573558
0.0010106
0.00173456
0.00293467
0.00484162
0.00787041
0.0124885
0.0195178
0.0298054
0.0448144
0.0659043
0.0954005
0.135202
0.188572
0.257744
0.346677
0.457406
0.593919
0.757219
0.950279
1.17219
1.42377
1.70166
2.00379
2.32449
2.65889
3
0
3.02941e-11
6.42603e-11
1.09754e-10
1.90402e-10
3.63306e-10
7.86384e-10
1.82316e-09
4.42212e-09
1.06546e-08
2.56824e-08
6.0179e-08
1.3963e-07
3.13895e-07
6.97218e-07
1.50094e-06
3.1904e-06
6.57895e-06
1.33897e-05
2.64654e-05
5.16082e-05
9.78397e-05
0.000182927
0.000332849
0.000597056
0.00104336
0.00179674
0.00301733
0.00499154
0.00806038
0.0128176
0.019915
0.030462
0.0455689
0.067093
0.096699
0.137149
0.19059
0.260616
0.349493
0.461194
0.597413
0.761629
0.95407
1.17661
1.42725
1.70529
2.00625
2.32655
2.65978
3
0
7.46426e-11
1.51768e-10
2.40042e-10
3.61149e-10
5.80788e-10
1.0539e-09
2.1949e-09
4.93721e-09
1.16372e-08
2.73349e-08
6.41867e-08
1.46823e-07
3.32168e-07
7.29389e-07
1.58057e-06
3.32492e-06
6.89812e-06
1.39047e-05
2.76328e-05
5.34061e-05
0.000101732
0.000188646
0.000344677
0.00061364
0.00107612
0.00184056
0.00309999
0.005097
0.00825034
0.0130486
0.0203122
0.0309222
0.0463233
0.0679248
0.0979976
0.13851
0.192608
0.26262
0.352309
0.463833
0.600907
0.764698
0.957862
1.17969
1.43072
1.70782
2.00872
2.32798
2.66067
3
0
1.86176e-10
3.72991e-10
5.64772e-10
7.8642e-10
1.09784e-09
1.67455e-09
2.9202e-09
5.87814e-09
1.28508e-08
2.94616e-08
6.7507e-08
1.54519e-07
3.45242e-07
7.62081e-07
1.63553e-06
3.45998e-06
7.11653e-06
1.44202e-05
2.843e-05
5.52045e-05
0.000104388
0.000194367
0.00035274
0.000630224
0.00109843
0.00188438
0.00315624
0.00520245
0.00837948
0.0132797
0.0205819
0.0313824
0.046835
0.0687567
0.0988774
0.13987
0.193974
0.264623
0.354213
0.466472
0.603267
0.767768
0.960421
1.18277
1.43307
1.71035
2.01038
2.32941
2.66128
3
0
4.62504e-10
9.17404e-10
1.3677e-09
1.82595e-09
2.36253e-09
3.13783e-09
4.60255e-09
7.76963e-09
1.51685e-08
3.22741e-08
7.20249e-08
1.61065e-07
3.59567e-07
7.85056e-07
1.69176e-06
3.55016e-06
7.33623e-06
1.47604e-05
2.92285e-05
5.6388e-05
0.000107044
0.000198129
0.000360804
0.00064113
0.00112074
0.00191318
0.00321249
0.00527176
0.00850862
0.0134314
0.0208517
0.0316846
0.0473468
0.0693025
0.0997573
0.140762
0.19534
0.265937
0.356117
0.468201
0.605628
0.769777
0.96298
1.18479
1.43541
1.712
2.01204
2.33035
2.66188
3
0
1.12778e-09
2.235e-09
3.29948e-09
4.33824e-09
5.39049e-09
6.64653e-09
8.52135e-09
1.21306e-08
1.99291e-08
3.78403e-08
7.84483e-08
1.70536e-07
3.72319e-07
8.11052e-07
1.73101e-06
3.64341e-06
7.47877e-06
1.51037e-05
2.97372e-05
5.75745e-05
0.00010873
0.000201894
0.000365919
0.000652038
0.0011349
0.00194199
0.00324819
0.00534107
0.00859058
0.0135832
0.0210229
0.0319867
0.0476715
0.0698484
0.100316
0.141654
0.196207
0.26725
0.357325
0.469929
0.607125
0.771787
0.964603
1.1868
1.4369
1.71365
2.01309
2.33128
2.66226
3
0
2.70083e-09
5.33477e-09
7.86653e-09
1.02468e-08
1.25418e-08
1.48699e-08
1.7724e-08
2.21418e-08
3.07928e-08
4.94341e-08
9.14984e-08
1.85004e-07
3.92001e-07
8.35794e-07
1.77734e-06
3.70907e-06
7.62847e-06
1.53214e-05
3.02531e-05
5.83062e-05
0.000110423
0.000204201
0.000371041
0.000658713
0.00114906
0.00195963
0.00328389
0.00538353
0.00867256
0.0136762
0.0211941
0.032172
0.0479963
0.0701832
0.100874
0.142202
0.197074
0.268056
0.358532
0.47099
0.608622
0.77302
0.966226
1.18804
1.43839
1.71467
2.01414
2.33186
2.66264
3
0
6.31685e-09
1.24949e-08
1.83672e-08
2.38939e-08
2.89841e-08
3.38499e-08
3.88312e-08
4.51529e-08
5.53265e-08
7.55384e-08
1.18879e-07
2.14903e-07
4.24141e-07
8.76477e-07
1.82545e-06
3.79093e-06
7.73712e-06
1.55554e-05
3.05763e-05
5.90542e-05
0.000111438
0.000206523
0.000374074
0.000665404
0.00115742
0.00197728
0.00330499
0.005426
0.00872103
0.0137693
0.0212954
0.0323573
0.0481887
0.0705181
0.101205
0.142749
0.197588
0.268862
0.359249
0.472051
0.60951
0.774254
0.967189
1.18928
1.43927
1.71568
2.01477
2.33243
2.66287
3
0
1.44782e-08
2.85821e-08
4.20673e-08
5.45663e-08
6.60925e-08
7.65163e-08
8.64433e-08
9.67951e-08
1.10503e-07
1.33455e-07
1.79561e-07
2.7772e-07
4.91131e-07
9.46845e-07
1.90923e-06
3.88509e-06
7.88182e-06
1.57354e-05
3.09356e-05
5.95241e-05
0.000112488
0.000207884
0.000377143
0.000669244
0.00116583
0.00198736
0.00332612
0.00545023
0.00876954
0.0138224
0.0213968
0.0324633
0.0483812
0.0707097
0.101536
0.143063
0.198102
0.269324
0.359966
0.47266
0.610399
0.774961
0.968153
1.18999
1.44015
1.71626
2.0154
2.33276
2.66309
3
0
3.23999e-08
6.40664e-08
9.41245e-08
1.22222e-07
1.47637e-07
1.70624e-07
1.91103e-07
2.10657e-07
2.31658e-07
2.60878e-07
3.11695e-07
4.14512e-07
6.3134e-07
1.09367e-06
2.06093e-06
4.05697e-06
8.06749e-06
1.59936e-05
3.12379e-05
6.00726e-05
0.000113166
0.000209324
0.000378921
0.000673163
0.00117052
0.00199751
0.0033378
0.00547454
0.00879629
0.0138756
0.0214527
0.0325693
0.0484874
0.0709014
0.101719
0.143376
0.198386
0.269786
0.360363
0.473268
0.610891
0.775669
0.968687
1.1907
1.44064
1.71684
2.01574
2.33309
2.66322
3
0
7.10408e-08
1.40254e-07
2.06365e-07
2.67537e-07
3.23454e-07
3.72854e-07
4.16746e-07
4.55431e-07
4.92786e-07
5.34613e-07
5.96054e-07
7.06616e-07
9.30944e-07
1.39851e-06
2.37583e-06
4.37856e-06
8.41819e-06
1.63617e-05
3.1706e-05
6.05925e-05
0.00011401
0.00021031
0.000380866
0.000675453
0.00117539
0.00200309
0.00334965
0.00548762
0.00882321
0.0139041
0.0215088
0.0326258
0.0485938
0.0710037
0.101902
0.143544
0.198671
0.270033
0.36076
0.473594
0.611384
0.776048
0.969222
1.19108
1.44113
1.71716
2.01609
2.33327
2.66334
3
0
1.52162e-07
3.00858e-07
4.42051e-07
5.73854e-07
6.92788e-07
7.9913e-07
8.90992e-07
9.7135e-07
1.04184e-06
1.11143e-06
1.1937e-06
1.32147e-06
1.55797e-06
2.0371e-06
3.0221e-06
5.03947e-06
9.08788e-06
1.70717e-05
3.24366e-05
6.14553e-05
0.000114931
0.00021164
0.000382342
0.000678086
0.00117834
0.00200902
0.00335616
0.00550104
0.00883741
0.0139328
0.0215379
0.0326827
0.0486488
0.0711063
0.101997
0.143711
0.198818
0.27028
0.360965
0.47392
0.611639
0.776428
0.969498
1.19146
1.44139
1.71747
2.01627
2.33345
2.66341
3
0
3.19387e-07
6.3065e-07
9.27879e-07
1.20303e-06
1.45407e-06
1.67508e-06
1.86845e-06
2.03203e-06
2.17337e-06
2.29779e-06
2.42511e-06
2.58576e-06
2.84891e-06
3.34634e-06
4.34837e-06
6.37653e-06
1.04454e-05
1.84402e-05
3.38586e-05
6.29005e-05
0.000116543
0.000213312
0.000384511
0.000680392
0.00118199
0.00201293
0.00336336
0.00550863
0.00885231
0.013948
0.0215678
0.0327117
0.0487046
0.071158
0.102092
0.143796
0.198965
0.270404
0.361171
0.474083
0.611894
0.776617
0.969775
1.19165
1.44164
1.71763
2.01645
2.33353
2.66347
3
0
6.55279e-07
1.29557e-06
1.90389e-06
2.47149e-06
2.98391e-06
3.44086e-06
3.83353e-06
4.16995e-06
4.44923e-06
4.68874e-06
4.90276e-06
5.13326e-06
5.44604e-06
5.98292e-06
7.01125e-06
9.06345e-06
1.31468e-05
2.11689e-05
3.66004e-05
6.57105e-05
0.000119378
0.000216351
0.000387605
0.000684065
0.00118577
0.00201821
0.00336882
0.00551759
0.00886141
0.0139645
0.021584
0.0327422
0.0487331
0.0712111
0.102139
0.143881
0.199038
0.270529
0.361271
0.474247
0.612018
0.776808
0.96991
1.19184
1.44176
1.71778
2.01654
2.33362
2.66351
3
0
1.3178e-06
2.60241e-06
3.82884e-06
4.96498e-06
6.00082e-06
6.913e-06
7.70812e-06
8.37545e-06
8.93588e-06
9.39381e-06
9.78646e-06
1.0148e-05
1.05643e-05
1.11728e-05
1.22569e-05
1.43453e-05
1.84611e-05
2.65019e-05
4.19684e-05
7.10932e-05
0.000124844
0.00022184
0.000393333
0.00068984
0.0011922
0.00202471
0.00337692
0.00552576
0.00887314
0.0139761
0.0216028
0.0327601
0.0487642
0.0712395
0.102189
0.143924
0.199113
0.27059
0.361374
0.474327
0.612145
0.7769
0.970046
1.19193
1.44189
1.71786
2.01663
2.33367
2.66354
3
0
2.59199e-06
5.1244e-06
7.53137e-06
9.77641e-06
1.18047e-05
1.36116e-05
1.51641e-05
1.64871e-05
1.75724e-05
1.84672e-05
1.91903e-05
1.98168e-05
2.04223e-05
2.11774e-05
2.23603e-05
2.45243e-05
2.86876e-05
3.67703e-05
5.22598e-05
8.14277e-05
0.000135194
0.000232288
0.000403802
0.000700576
0.00120296
0.00203617
0.00338841
0.00553888
0.00888622
0.0139926
0.0216189
0.032783
0.0487858
0.0712727
0.102219
0.143972
0.199154
0.270656
0.361427
0.47441
0.612207
0.776995
0.970113
1.19203
1.44195
1.71794
2.01667
2.33371
2.66355
3
0
4.99852e-06
9.87203e-06
1.45235e-05
1.88347e-05
2.27629e-05
2.62247e-05
2.92377e-05
3.17643e-05
3.387e-05
3.55601e-05
3.69318e-05
3.8036e-05
3.9017e-05
4.00332e-05
4.14147e-05
4.37088e-05
4.797e-05
5.61124e-05
7.16537e-05
0.000100848
0.000154665
0.000251775
0.000423398
0.000720187
0.00122286
0.00205608
0.00340903
0.00555947
0.00890841
0.0140147
0.0216442
0.0328076
0.0488163
0.0713015
0.102258
0.144007
0.199203
0.270698
0.361488
0.474459
0.612278
0.777047
0.970186
1.19207
1.44201
1.71797
2.01671
2.33373
2.66357
3
0
9.43339e-06
1.86483e-05
2.74091e-05
3.55762e-05
4.29587e-05
4.95292e-05
5.51779e-05
5.99814e-05
6.39138e-05
6.71207e-05
6.96433e-05
7.16673e-05
7.33079e-05
7.48327e-05
7.65585e-05
7.91096e-05
8.35346e-05
9.17982e-05
0.000107411
0.000136667
0.000190514
0.000287681
0.000459318
0.000756223
0.0012589
0.00209242
0.00344535
0.00559648
0.00894532
0.014053
0.0216822
0.0328485
0.0488563
0.0713465
0.102301
0.144058
0.199249
0.270755
0.361538
0.474522
0.612329
0.777112
0.970235
1.19213
1.44205
1.71802
2.01674
2.33376
2.66358
3
0
1.74598e-05
3.44842e-05
5.07259e-05
6.57834e-05
7.94919e-05
9.1578e-05
0.000102084
0.000110896
0.000118218
0.000124072
0.000128748
0.000132362
0.000135249
0.000137644
0.000140027
0.000143012
0.000147755
0.000156216
0.000171972
0.00020131
0.000255226
0.000352424
0.000524121
0.000821035
0.00132383
0.00215733
0.00351054
0.00566161
0.00901106
0.0141186
0.021749
0.0329147
0.0489248
0.0714137
0.102371
0.144126
0.199323
0.270824
0.361613
0.474589
0.612403
0.777175
0.970303
1.19219
1.44211
1.71806
2.01678
2.33378
2.66359
3
0
3.1643e-05
6.25453e-05
9.19256e-05
0.000119295
0.000144038
0.000166033
0.000184948
0.000201004
0.000214147
0.000224818
0.000233157
0.000239689
0.000244674
0.000248681
0.00025216
0.000255958
0.000261223
0.000270059
0.000286042
0.000315542
0.000369547
0.000466818
0.000638543
0.000935515
0.00143831
0.0022719
0.00362506
0.00577635
0.00912564
0.0142336
0.0218636
0.0330302
0.0490393
0.0715295
0.102485
0.144242
0.199435
0.270938
0.361721
0.474699
0.612503
0.777275
0.97039
1.19227
1.44218
1.71812
2.01682
2.33381
2.66361
3
0
5.6259e-05
0.000111112
0.000163412
0.000211894
0.000255982
0.000294849
0.00032858
0.000356872
0.000380328
0.000399063
0.000413936
0.000425305
0.000434065
0.000440714
0.000446184
0.000451299
0.000457524
0.000466959
0.000483366
0.000513113
0.000567291
0.000664652
0.000836448
0.00113344
0.00163627
0.00246983
0.00382303
0.00597417
0.00932354
0.0144311
0.0220613
0.0332269
0.0492361
0.0717244
0.10268
0.144433
0.199625
0.271122
0.361902
0.47487
0.61267
0.777427
0.970534
1.1924
1.44229
1.71821
2.01689
2.33386
2.66363
3
0
9.79995e-05
0.00019367
0.000284609
0.000369234
0.000445713
0.000513588
0.000571936
0.000621364
0.000661804
0.000694545
0.000720076
0.0007399
0.000754751
0.00076606
0.000774705
0.000782167
0.000789902
0.000800419
0.000817481
0.000847685
0.000902119
0.000999654
0.00117153
0.00146857
0.00197138
0.00280493
0.00415799
0.00630904
0.00965802
0.0147653
0.0223945
0.0335595
0.0495667
0.0720534
0.103005
0.144755
0.19994
0.271431
0.362199
0.475157
0.612939
0.777681
0.970763
1.1926
1.44247
1.71836
2.017
2.33393
2.66367
3
0
0.000167524
0.000330832
0.000486407
0.000630548
0.000761418
0.000876708
0.000976547
0.00106023
0.00112942
0.00118464
0.0012283
0.00126156
0.00128684
0.00130546
0.0013196
0.00133069
0.00134107
0.00135324
0.00137146
0.00140235
0.00145725
0.00155503
0.00172706
0.00202414
0.00252695
0.00336037
0.00471328
0.00686393
0.0102125
0.0153188
0.0229469
0.0341096
0.0501143
0.0725965
0.103543
0.145284
0.20046
0.271937
0.362689
0.475624
0.613382
0.778091
0.97114
1.19294
1.44276
1.71859
2.01719
2.33406
2.66373
3
0
0.000280743
0.000554677
0.00081492
0.00105675
0.00127508
0.00146843
0.00163444
0.00177469
0.00188929
0.00198178
0.00205379
0.00210942
0.00215082
0.00218172
0.00220422
0.00222148
0.00223582
0.00225082
0.00227077
0.00230285
0.00235842
0.00245664
0.00262887
0.00292605
0.00342879
0.00426206
0.00561458
0.00776469
0.0111122
0.0162171
0.0238427
0.0350024
0.0510018
0.0734776
0.104414
0.146143
0.201301
0.272757
0.36348
0.476382
0.614095
0.778756
0.971743
1.19348
1.44322
1.71898
2.01748
2.33425
2.66383
3
0
0.000461881
0.000911963
0.00134024
0.00173662
0.00209573
0.0024116
0.00268434
0.00291255
0.00310059
0.00325042
0.00336842
0.00345807
0.00352577
0.00357509
0.00361134
0.00363771
0.00365865
0.00367778
0.00370062
0.00373439
0.00379111
0.00388994
0.00406254
0.0043598
0.00486249
0.00569542
0.00704739
0.00919644
0.0125424
0.0176447
0.0252668
0.0364206
0.0524125
0.0748765
0.105798
0.147505
0.202637
0.274055
0.364735
0.477578
0.615227
0.779804
0.9727
1.19432
1.44395
1.71957
2.01794
2.33456
2.66399
3
0
0.000745422
0.00147226
0.00216211
0.00280187
0.00337849
0.00388758
0.00432372
0.00469082
0.00499011
0.00523064
0.00541749
0.00556114
0.00566769
0.0057464
0.00580268
0.00584372
0.00587411
0.00589995
0.00592687
0.00596346
0.00602176
0.00612162
0.00629468
0.00659213
0.00709462
0.0079271
0.00927805
0.0114256
0.0147688
0.0198674
0.0274832
0.0386285
0.0546071
0.0770539
0.10795
0.149625
0.204711
0.276075
0.366681
0.479439
0.616978
0.781432
0.974179
1.19564
1.44508
1.7205
2.01864
2.33504
2.66423
3
0
0.0011816
0.00233229
0.00342548
0.00443547
0.00534778
0.00614819
0.00683657
0.00741086
0.00788193
0.00825614
0.00854946
0.00877166
0.00893847
0.00905933
0.00914686
0.0092086
0.00925386
0.00928901
0.00932243
0.00936284
0.00942371
0.00952492
0.00969877
0.00999637
0.0104986
0.0113302
0.0126798
0.0148246
0.018164
0.023256
0.0308628
0.0419937
0.0579532
0.080371
0.11123
0.152852
0.207872
0.279146
0.369645
0.482264
0.619643
0.7839
0.976428
1.19763
1.44679
1.7219
2.01972
2.33577
2.6646
3
0
0.00183863
0.0036297
0.00532701
0.00689679
0.0083077
0.00954827
0.0106073
0.0114943
0.0122147
0.0127906
0.0132364
0.0135772
0.013829
0.0140137
0.0141446
0.0142379
0.0143035
0.014353
0.0143951
0.0144415
0.0145057
0.0146091
0.0147839
0.0150818
0.0155835
0.0164139
0.017761
0.0199021
0.0232349
0.0283177
0.0359095
0.0470201
0.0629481
0.0853248
0.116123
0.157669
0.212583
0.283728
0.374057
0.486477
0.623604
0.787577
0.979763
1.20059
1.44932
1.72398
2.0213
2.33684
2.66514
3
0
0.00281169
0.00554715
0.00814013
0.0105292
0.0126784
0.0145565
0.0161631
0.0174972
0.0185851
0.0194453
0.0201153
0.0206208
0.0209978
0.0212697
0.0214648
0.0216005
0.0216963
0.0217647
0.0218199
0.0218739
0.0219433
0.0220493
0.0222256
0.0225237
0.0230248
0.0238532
0.0251968
0.0273317
0.0306556
0.0357233
0.0432943
0.054372
0.0702561
0.0925671
0.123281
0.164707
0.219472
0.290416
0.380504
0.492614
0.629386
0.792923
0.984626
1.20489
1.45301
1.727
2.02361
2.3384
2.66592
3
0
0.00422432
0.00833378
0.0122189
0.0157984
0.0190021
0.0218031
0.0241816
0.0261603
0.0277583
0.0290268
0.0300034
0.0307449
0.0312901
0.0316872
0.0319668
0.0321635
0.0322985
0.0323943
0.0324661
0.0325315
0.0326072
0.0327172
0.0328952
0.0331937
0.0336934
0.034519
0.0358571
0.0379836
0.041293
0.0463403
0.0538783
0.0649111
0.0807265
0.102947
0.13353
0.17479
0.229326
0.29999
0.389712
0.501393
0.637629
0.80056
0.991542
1.21102
1.45825
1.73129
2.02688
2.34061
2.66703
3
0
0.00624206
0.0123058
0.0180354
0.0232925
0.0279947
0.0320794
0.035548
0.038409
0.0407231
0.0425408
0.0439455
0.0449987
0.0457784
0.0463375
0.0467354
0.0470096
0.0471994
0.0473294
0.0474247
0.0475038
0.0475886
0.0477033
0.0478837
0.0481823
0.0486803
0.0495013
0.050832
0.0529453
0.0562355
0.0612512
0.0687448
0.0797086
0.0954312
0.117514
0.147919
0.188929
0.243153
0.3134
0.402623
0.513667
0.649169
0.811211
1.00121
1.21955
1.46555
1.73724
2.03142
2.34367
2.66857
3
0
0.00907119
0.0178782
0.0261745
0.0337761
0.0405367
0.0464009
0.0513417
0.0554149
0.0586778
0.061244
0.0632046
0.0646804
0.0657582
0.0665368
0.0670817
0.0674611
0.0677178
0.0678944
0.0680177
0.0681158
0.0682111
0.0683323
0.0685152
0.0688139
0.0693089
0.070124
0.0714433
0.0735393
0.0768003
0.081774
0.0892011
0.100073
0.115658
0.137558
0.1677
0.208374
0.262141
0.331828
0.420322
0.530511
0.664954
0.8258
1.01439
1.23119
1.47548
1.74535
2.03759
2.34782
2.67066
3
0
0.0129789
0.0255578
0.0373876
0.0481736
0.0577415
0.0659799
0.0729047
0.0785613
0.083088
0.0866101
0.0893043
0.0913074
0.0927766
0.0938226
0.0945604
0.095065
0.0954098
0.0956406
0.0958011
0.0959206
0.09603
0.0961582
0.0963446
0.0966425
0.0971337
0.0979396
0.0992441
0.101314
0.104537
0.10945
0.11679
0.127528
0.142932
0.164566
0.194362
0.234554
0.287717
0.356604
0.444135
0.553108
0.68615
0.845313
1.03203
1.24671
1.48872
1.75612
2.04578
2.35332
2.67343
3
0
0.0182885
0.0359904
0.052573
0.0676428
0.0809175
0.0923025
0.101786
0.109508
0.115623
0.120374
0.123966
0.126641
0.128577
0.129962
0.130924
0.131587
0.132032
0.132331
0.132533
0.13268
0.132804
0.132942
0.133131
0.133428
0.133913
0.134707
0.13599
0.138028
0.141196
0.146029
0.153246
0.163812
0.178959
0.20025
0.229559
0.269125
0.321441
0.389285
0.475473
0.582862
0.713963
0.870932
1.0551
1.267
1.50594
1.77012
2.05638
2.36045
2.677
3
0
0.0254109
0.0499473
0.0728544
0.093536
0.111658
0.127057
0.139817
0.150095
0.158203
0.164431
0.169133
0.17259
0.175097
0.176865
0.1781
0.178938
0.179505
0.179878
0.18013
0.180306
0.180449
0.180595
0.180788
0.181082
0.181559
0.182336
0.183592
0.185583
0.188683
0.193406
0.200466
0.210794
0.225614
0.246432
0.275119
0.313825
0.365057
0.431474
0.515939
0.621171
0.749777
0.903782
1.08467
1.29287
1.52789
1.78786
2.0698
2.36943
2.68151
3
0
0.0348418
0.068401
0.0995536
0.127505
0.151765
0.172228
0.188992
0.202408
0.212865
0.220862
0.226825
0.231204
0.234338
0.236555
0.23808
0.239122
0.239813
0.240273
0.240576
0.240785
0.240946
0.241102
0.241297
0.241587
0.242052
0.242809
0.244027
0.245961
0.248967
0.253554
0.260401
0.270432
0.284811
0.305036
0.332885
0.37051
0.420287
0.484903
0.567063
0.669564
0.794852
0.9451
1.12166
1.3252
1.55512
1.80983
2.08631
2.38045
2.68701
3
0
0.0472202
0.0925265
0.134319
0.171452
0.203376
0.22997
0.25155
0.268597
0.281785
0.291742
0.299135
0.304493
0.308326
0.311
0.312846
0.314088
0.314918
0.31546
0.315818
0.316058
0.316238
0.316402
0.316599
0.316883
0.317334
0.318062
0.319235
0.321092
0.323984
0.328389
0.334976
0.344614
0.358451
0.377895
0.40471
0.440914
0.488886
0.55114
0.630427
0.729355
0.850496
0.995857
1.16702
1.36455
1.58817
1.83625
2.10608
2.39354
2.69353
3
0
0.0633551
0.123851
0.179131
0.227697
0.268861
0.302719
0.329783
0.35093
0.367057
0.37914
0.387991
0.394383
0.398894
0.402042
0.404186
0.405634
0.406587
0.407214
0.407619
0.407891
0.408086
0.408259
0.408453
0.408729
0.409159
0.409853
0.410966
0.412732
0.415476
0.419663
0.425915
0.435078
0.448218
0.466715
0.492201
0.526673
0.572328
0.631688
0.707288
0.801818
0.917643
1.05697
1.22125
1.41138
1.62709
1.86715
2.1289
2.40856
2.70094
3
0
0.0843679
0.164352
0.236555
0.298967
0.351
0.393024
0.42611
0.451529
0.470694
0.48484
0.495128
0.502458
0.507616
0.511169
0.513591
0.515205
0.516273
0.516963
0.517413
0.517707
0.517916
0.518091
0.518283
0.518545
0.518951
0.5196
0.520644
0.522294
0.524862
0.528775
0.53463
0.543196
0.555507
0.572815
0.596712
0.62901
0.671877
0.7276
0.79874
0.887735
0.997088
1.12882
1.2847
1.46558
1.6717
1.90197
2.15428
2.42493
2.70894
3
0
0.111864
0.216835
0.309913
0.388695
0.452887
0.503662
0.542806
0.572392
0.594312
0.610314
0.621782
0.629902
0.635542
0.639421
0.642031
0.643775
0.644912
0.645653
0.646126
0.646437
0.646652
0.646827
0.647011
0.647257
0.647631
0.648229
0.649185
0.650701
0.653054
0.656648
0.662015
0.669886
0.681179
0.697094
0.719042
0.748777
0.788221
0.839627
0.905269
0.987639
1.08899
1.21156
1.35701
1.52671
1.72105
1.93969
2.18089
2.4416
2.71685
3
0
0.148403
0.285428
0.40385
0.501136
0.578148
0.637396
0.682034
0.715041
0.73911
0.756385
0.768647
0.77721
0.783133
0.787154
0.789861
0.791646
0.792816
0.793567
0.79405
0.794361
0.794575
0.794743
0.794915
0.795139
0.795476
0.796011
0.796869
0.798223
0.800332
0.803543
0.808352
0.815391
0.825516
0.839763
0.859461
0.886123
0.921586
0.967796
1.02699
1.10134
1.19319
1.30458
1.43753
1.59349
1.77364
1.97823
2.20664
2.45655
2.72346
3
0
0.198394
0.37677
0.524988
0.641832
0.730789
0.796996
0.845439
0.880466
0.905483
0.923194
0.935573
0.944155
0.950016
0.953987
0.956628
0.958374
0.959504
0.960233
0.960695
0.960994
0.961194
0.961351
0.961505
0.961702
0.961996
0.962461
0.963202
0.964376
0.966198
0.968981
0.973138
0.979241
0.988002
1.00036
1.01743
1.0406
1.07139
1.11164
1.16322
1.22826
1.30878
1.40697
1.52477
1.66422
1.82697
2.01461
2.22789
2.46634
2.72646
3
0
0.270346
0.502084
0.683181
0.817756
0.915185
0.984726
1.03399
1.06867
1.09297
1.10986
1.12155
1.12955
1.13499
1.13863
1.14105
1.14264
1.14366
1.14432
1.14474
1.14501
1.14518
1.14532
1.14545
1.14562
1.14586
1.14625
1.14686
1.14783
1.14933
1.15163
1.15507
1.16011
1.16736
1.17757
1.19172
1.21089
1.23645
1.26985
1.31281
1.36704
1.43451
1.51712
1.61704
1.73643
1.87793
2.04439
2.23913
2.46487
2.72139
3
0
0.382589
0.681402
0.892814
1.0373
1.13527
1.20186
1.24732
1.27848
1.29985
1.31451
1.3245
1.3313
1.33587
1.33893
1.34094
1.34226
1.34311
1.34365
1.344
1.34422
1.34436
1.34447
1.34457
1.3447
1.34489
1.34519
1.34566
1.3464
1.34756
1.34933
1.35197
1.35586
1.36143
1.36931
1.3802
1.39501
1.41473
1.44058
1.47383
1.51598
1.56855
1.63331
1.71219
1.80764
1.92275
2.06207
2.23204
2.44144
2.6987
3
0
0.579974
0.950796
1.17336
1.30852
1.39305
1.44741
1.48318
1.50705
1.52314
1.53401
1.54137
1.54632
1.54964
1.55184
1.5533
1.55424
1.55485
1.55524
1.55548
1.55564
1.55574
1.55582
1.55589
1.55598
1.55611
1.55631
1.55663
1.55713
1.55792
1.55912
1.56092
1.56355
1.56735
1.5727
1.58011
1.59018
1.60363
1.62124
1.64397
1.6728
1.70891
1.75358
1.80843
1.87556
1.9582
2.06165
2.19546
2.37699
2.63548
3
0
0.987455
1.37034
1.54407
1.63403
1.68538
1.71671
1.73666
1.74972
1.75839
1.76421
1.76811
1.77073
1.77248
1.77363
1.77439
1.77489
1.77521
1.77541
1.77554
1.77562
1.77567
1.77571
1.77575
1.77579
1.77586
1.77596
1.77612
1.77638
1.77677
1.77738
1.77829
1.77962
1.78154
1.78425
1.788
1.7931
1.79991
1.80885
1.82037
1.83504
1.85342
1.87627
1.90445
1.93931
1.98297
2.03955
2.11796
2.2403
2.46864
3
0
2
2
2
2
2
2
2
2
2
2
2
2
2
2
2
2
2
2
2
2
2
2
2
2
2
2
2
2
2
2
2
2
2
2
2
2
2
2
2
2
2
2
2
2
2
2
2
2
2
3
