0.01
51
1
4
4
4
4
4
4
4
4
4
4
4
4
4
4
4
4
4
4
4
4
4
4
4
4
4
4
4
4
4
4
4
4
4
4
4
4
4
4
4
4
4
4
4
4
4
4
4
4
4
3.5
0
1.97491
2.74068
3.08815
3.26806
3.37075
3.43341
3.47332
3.49943
3.51678
3.52842
3.53622
3.54146
3.54495
3.54727
3.54879
3.54978
3.55041
3.55081
3.55107
3.55123
3.55132
3.55139
3.55144
3.5515
3.55156
3.55166
3.55182
3.55206
3.55243
3.55299
3.55382
3.55503
3.55675
3.55914
3.56239
3.56674
3.57238
3.57958
3.58848
3.59925
3.61182
3.62598
3.64111
3.65602
3.66834
3.67358
3.66203
3.61064
3.45609
3
0
1.15995
1.90159
2.34672
2.61705
2.7861
2.89483
2.96636
3.0141
3.04628
3.06802
3.08274
3.09264
3.09928
3.10369
3.10659
3.10848
3.1097
3.11047
3.11096
3.11126
3.11145
3.11158
3.11169
3.11179
3.11192
3.11212
3.11243
3.1129
3.11364
3.11474
3.1164
3.11879
3.1222
3.12694
3.13341
3.14202
3.15327
3.16756
3.18534
3.20681
3.23205
3.26063
3.29161
3.32297
3.35125
3.37018
3.36882
3.32778
3.21546
3
0
0.765178
1.3628
1.78563
2.07461
2.27054
2.40373
2.49464
2.55696
2.5997
2.62901
2.64901
2.6626
2.67174
2.67785
2.68188
2.68452
2.68622
2.6873
2.68798
2.68841
2.68868
2.68887
2.68901
2.68916
2.68936
2.68965
2.6901
2.6908
2.69188
2.69353
2.69596
2.6995
2.70454
2.71157
2.72114
2.73393
2.7506
2.77188
2.79834
2.83049
2.86839
2.91179
2.95951
3.0095
3.05802
3.09938
3.12485
3.12284
3.08129
3
0
0.540692
1.00417
1.36636
1.63551
1.83037
1.96945
2.06799
2.13734
2.18593
2.21973
2.2431
2.2591
2.26997
2.27726
2.2821
2.28527
2.28733
2.28863
2.28946
2.28998
2.29032
2.29054
2.29073
2.29092
2.29117
2.29155
2.29213
2.29305
2.29447
2.29661
2.29979
2.30442
2.31102
2.32021
2.33277
2.34952
2.37144
2.3994
2.43436
2.47691
2.52748
2.58579
2.65103
2.72116
2.79312
2.86215
2.92232
2.96695
2.99174
3
0
0.396788
0.75354
1.04998
1.28366
1.46158
1.59399
1.69088
1.76093
1.81097
1.84639
1.87115
1.88831
1.90003
1.90797
1.91326
1.91675
1.919
1.92046
1.92137
1.92195
1.92232
1.92258
1.92279
1.92302
1.92332
1.92378
1.92449
1.92561
1.92733
1.92994
1.93382
1.93946
1.9475
1.95874
1.97406
1.99458
2.02141
2.0558
2.09879
2.15145
2.21426
2.28743
2.37021
2.46121
2.55776
2.65644
2.75288
2.84311
2.92485
3
0
0.296806
0.570856
0.807701
1.00227
1.1563
1.27479
1.36407
1.43008
1.47822
1.51277
1.53729
1.55442
1.56627
1.57431
1.57972
1.58329
1.58563
1.58712
1.58808
1.58868
1.58907
1.58935
1.58958
1.58983
1.59018
1.59071
1.59153
1.59283
1.59483
1.59786
1.60238
1.60895
1.61833
1.63141
1.64932
1.67328
1.70472
1.74501
1.79564
1.85772
1.9323
2.01962
2.11956
2.23089
2.35179
2.47936
2.61049
2.74198
2.87187
3
0
0.223728
0.43367
0.619826
0.777391
0.905774
1.00732
1.08561
1.14478
1.18862
1.22063
1.24356
1.2598
1.27108
1.27884
1.28406
1.28755
1.28982
1.29129
1.29223
1.29283
1.29322
1.2935
1.29374
1.29402
1.2944
1.29499
1.29592
1.29737
1.29962
1.30304
1.30812
1.31553
1.32609
1.34087
1.36107
1.3882
1.42376
1.46953
1.52705
1.59795
1.6833
1.78395
1.89982
2.03037
2.17393
2.32838
2.4908
2.65844
2.82871
3
0
0.168736
0.328705
0.473111
0.597933
0.702
0.786048
0.85222
0.903058
0.941387
0.96968
0.990257
1.00492
1.01523
1.02234
1.02718
1.03041
1.03254
1.03391
1.0348
1.03537
1.03574
1.03602
1.03626
1.03656
1.03697
1.03761
1.03863
1.04022
1.04269
1.04643
1.05202
1.06015
1.07177
1.08802
1.1103
1.14018
1.17949
1.23006
1.29387
1.37258
1.46778
1.58035
1.71081
1.85861
2.0227
2.20094
2.39083
2.58928
2.79331
3
0
0.12671
0.247703
0.358261
0.455393
0.537723
0.605438
0.659567
0.701859
0.734115
0.75828
0.775983
0.788765
0.797788
0.804083
0.80837
0.811264
0.813167
0.814414
0.815212
0.815731
0.816077
0.81634
0.816586
0.816888
0.817326
0.818012
0.819099
0.820813
0.823466
0.827503
0.833507
0.842278
0.854798
0.872346
0.896385
0.928715
0.971221
1.02607
1.09528
1.18096
1.2847
1.4079
1.55103
1.7141
1.89595
2.09484
2.30804
2.53241
2.7643
3
0
0.0944404
0.185053
0.268638
0.342904
0.406753
0.459939
0.5031
0.537194
0.563571
0.583484
0.598269
0.608986
0.616651
0.621999
0.62569
0.628172
0.629829
0.630906
0.631609
0.632063
0.632376
0.632619
0.632861
0.633168
0.633626
0.634346
0.635497
0.637308
0.640122
0.644394
0.650767
0.66006
0.673362
0.69198
0.717555
0.751913
0.797212
0.855633
0.929562
1.0211
1.13228
1.26445
1.41857
1.59452
1.79154
2.0077
2.2404
2.48607
2.74075
3
0
0.0696836
0.136802
0.199107
0.25501
0.303531
0.344457
0.377984
0.404816
0.425729
0.441724
0.453651
0.462408
0.468676
0.473108
0.476159
0.47824
0.479619
0.480532
0.481122
0.481515
0.481787
0.482011
0.482243
0.482554
0.483025
0.483776
0.484974
0.48687
0.489809
0.494284
0.500948
0.510691
0.524617
0.544154
0.570964
0.607064
0.654625
0.716107
0.793889
0.890426
1.00772
1.14751
1.31066
1.49743
1.70689
1.93734
2.18586
2.44885
2.72185
3
0
0.0508218
0.0998945
0.145709
0.187072
0.223315
0.254115
0.279633
0.300191
0.316407
0.328862
0.338266
0.34518
0.350193
0.353729
0.356199
0.357873
0.359002
0.359741
0.360231
0.360555
0.36079
0.360991
0.361216
0.361526
0.362008
0.362781
0.364021
0.36598
0.369025
0.373655
0.380567
0.390657
0.405111
0.425367
0.453217
0.490689
0.540153
0.604064
0.685072
0.785602
0.907981
1.05388
1.22449
1.41993
1.63955
1.8814
2.14266
2.41937
2.70692
3
0
0.0365769
0.0719809
0.105146
0.135286
0.161835
0.184605
0.203572
0.219015
0.231245
0.240748
0.247933
0.253281
0.257153
0.259922
0.261845
0.26317
0.264055
0.264648
0.265036
0.265302
0.265499
0.265681
0.265895
0.266206
0.266694
0.267485
0.268755
0.270767
0.273891
0.278651
0.285749
0.296128
0.310982
0.331834
0.36048
0.399086
0.450017
0.515926
0.59944
0.703236
0.829586
0.980439
1.15688
1.3593
1.58686
1.83776
2.10895
2.39644
2.69529
3
0
0.0259578
0.0511156
0.0747751
0.0963472
0.115483
0.13196
0.145809
0.157123
0.166176
0.17322
0.178609
0.182615
0.185553
0.187644
0.189119
0.190126
0.190812
0.191266
0.191572
0.191782
0.191949
0.192111
0.192317
0.192625
0.19312
0.193922
0.195217
0.197267
0.200456
0.205311
0.212561
0.223153
0.238334
0.259627
0.288921
0.328376
0.380494
0.447911
0.533439
0.639719
0.769238
0.923874
1.10494
1.31269
1.54646
1.80429
2.08317
2.37888
2.68641
3
0
0.0181424
0.0357563
0.0523491
0.0675523
0.0810734
0.0928018
0.102683
0.11083
0.117356
0.122488
0.126409
0.129361
0.131516
0.133073
0.134162
0.134918
0.135428
0.135773
0.136005
0.136172
0.13631
0.136457
0.136655
0.136961
0.137459
0.138271
0.139583
0.141664
0.144899
0.14983
0.157188
0.167952
0.183368
0.205015
0.234779
0.27491
0.327898
0.396508
0.483527
0.591755
0.723632
0.881215
1.06573
1.27759
1.51601
1.77913
2.06376
2.3657
2.67973
3
0
0.0124841
0.0246116
0.0360707
0.0465851
0.0559894
0.0641588
0.0710959
0.0768179
0.0814463
0.0850816
0.087891
0.0899972
0.0915564
0.0926742
0.0934689
0.0940153
0.094391
0.094643
0.0948185
0.0949479
0.0950643
0.0951978
0.0953893
0.0956933
0.0961932
0.0970124
0.0983376
0.10044
0.103711
0.108695
0.116139
0.127022
0.142623
0.16452
0.194653
0.235265
0.288931
0.358399
0.446568
0.556208
0.689892
0.84962
1.03675
1.25162
1.49355
1.76054
2.04946
2.35597
2.67482
3
0
0.00844864
0.0166676
0.0244379
0.0315968
0.0380042
0.0436062
0.0483631
0.0523205
0.0555166
0.0580536
0.0600067
0.0614896
0.0625798
0.0633735
0.0639319
0.0643233
0.0645891
0.0647728
0.0649011
0.0650029
0.0651009
0.0652247
0.0654104
0.065713
0.0662139
0.0670383
0.0683723
0.070491
0.0737868
0.0788117
0.0863133
0.0972895
0.113017
0.135107
0.165495
0.206476
0.260615
0.330735
0.419716
0.53042
0.665387
0.82672
1.01572
1.23282
1.47725
1.74709
2.0391
2.34894
2.67126
3
0
0.00562337
0.0110943
0.0162803
0.0210584
0.0253568
0.029113
0.0323262
0.0349945
0.0371701
0.0388905
0.0402306
0.0412414
0.0419953
0.0425386
0.0429278
0.0431971
0.0433847
0.0435135
0.0436085
0.0436876
0.0437728
0.0438883
0.0440701
0.0443709
0.0448729
0.0457004
0.0470413
0.0491706
0.0524851
0.057537
0.0650829
0.0761208
0.0919445
0.114164
0.144744
0.185975
0.240469
0.311036
0.400619
0.512059
0.647971
0.81042
1.00079
1.21945
1.46569
1.73753
2.03175
2.34394
2.66873
3
0
0.00367726
0.00725941
0.010654
0.0137936
0.0166154
0.0190965
0.0212147
0.0229886
0.0244295
0.0255812
0.0264726
0.0271542
0.0276576
0.0280265
0.0282874
0.028472
0.0285991
0.0286901
0.0287589
0.0288226
0.0288974
0.0290073
0.0291858
0.0294856
0.0299879
0.0308178
0.0321629
0.0343003
0.0376266
0.0426988
0.0502733
0.0613572
0.0772437
0.0995589
0.130266
0.171682
0.226412
0.297305
0.387293
0.499267
0.635819
0.799071
0.990371
1.21014
1.45763
1.73088
2.02663
2.34047
2.66697
3
0
0.00236319
0.00466457
0.00685096
0.00887094
0.0106956
0.0122964
0.0136731
0.0148217
0.0157638
0.0165123
0.0170988
0.0175431
0.0178765
0.0181178
0.0182919
0.0184133
0.0184998
0.0185621
0.0186135
0.0186652
0.0187333
0.0188387
0.0190151
0.0193139
0.0198166
0.0206478
0.0219961
0.0241384
0.0274736
0.0325584
0.0401539
0.0512668
0.0671992
0.0895757
0.120375
0.16191
0.21681
0.287917
0.378194
0.49052
0.627525
0.791311
0.983265
1.20378
1.45214
1.72634
2.02314
2.3381
2.66578
3
0
0.00149084
0.00294453
0.00432423
0.00560375
0.00675698
0.00777515
0.00864745
0.00938163
0.0099802
0.0104612
0.0108349
0.0111221
0.011335
0.011492
0.0116035
0.0116836
0.0117403
0.011784
0.0118224
0.0118664
0.0119293
0.012032
0.0122066
0.0125049
0.0130076
0.0138399
0.01519
0.0173359
0.0206763
0.0257703
0.0333787
0.0445125
0.0604733
0.0828938
0.113751
0.15537
0.210378
0.281636
0.372098
0.48467
0.621968
0.786123
0.978503
1.19953
1.44845
1.7233
2.0208
2.33652
2.66497
3
0
0.000923761
0.00182393
0.00268048
0.00347324
0.00419145
0.0048232
0.00536867
0.00582509
0.00620117
0.0065008
0.00673676
0.00691597
0.00705115
0.00714932
0.00722084
0.00727157
0.00730937
0.00733961
0.00736984
0.00740825
0.00746792
0.00756849
0.00774212
0.00803989
0.00854275
0.00937551
0.010727
0.012875
0.0162192
0.0213186
0.0289361
0.0400825
0.0560633
0.0785104
0.109408
0.151079
0.206162
0.277513
0.368103
0.480829
0.618327
0.782717
0.975385
1.19674
1.44604
1.72131
2.01928
2.33548
2.66445
3
0
0.000561485
0.00110935
0.00162984
0.00211349
0.00255016
0.00293686
0.00326888
0.00354937
0.00377858
0.00396353
0.00410751
0.00421866
0.00430126
0.00436258
0.0044066
0.0044391
0.00446372
0.0044857
0.00451014
0.00454514
0.00460249
0.00470182
0.00487467
0.00517217
0.00567501
0.00650819
0.00786038
0.0100099
0.0133562
0.0184594
0.0260821
0.0372373
0.0532297
0.0756953
0.106616
0.148324
0.203451
0.274866
0.365533
0.478363
0.615985
0.780531
0.973378
1.19495
1.44449
1.72003
2.01829
2.33481
2.66411
3
0
0.000335049
0.000661663
0.000972813
0.0012611
0.00152284
0.00175342
0.00195309
0.00212045
0.00225882
0.00236924
0.00245653
0.00252294
0.00257329
0.00261007
0.00263736
0.00265753
0.00267421
0.00269053
0.00271152
0.00274414
0.00280014
0.00289857
0.00307098
0.00336825
0.00387113
0.00470449
0.0060572
0.00820747
0.0115553
0.0166606
0.0242869
0.0354469
0.0514474
0.0739233
0.104861
0.146589
0.201747
0.273198
0.363918
0.476809
0.614512
0.779151
0.972116
1.19381
1.44352
1.71923
2.01767
2.33439
2.6639
3
0
0.000195999
0.000387341
0.000569218
0.000738468
0.000891425
0.00102718
0.00114387
0.00124272
0.0013236
0.00138906
0.00144008
0.00147963
0.00150911
0.00153127
0.00154758
0.00156048
0.00157188
0.00158489
0.00160355
0.0016348
0.00168987
0.0017878
0.00195989
0.00225705
0.00275989
0.00359341
0.00494635
0.00709718
0.0104458
0.0155524
0.0231806
0.034344
0.0503486
0.0728317
0.103778
0.14552
0.200694
0.272171
0.362919
0.475851
0.613601
0.778302
0.971335
1.19312
1.44291
1.71873
2.01729
2.33413
2.66377
3
0
0.000112518
0.000222225
0.000326825
0.000423788
0.000511964
0.000589697
0.000657158
0.00071374
0.000760642
0.000798095
0.000827797
0.000850437
0.000867741
0.000880574
0.000890534
0.000898743
0.000907121
0.000917969
0.000935319
0.000965655
0.00102021
0.00111779
0.00128972
0.00158677
0.00208962
0.00292316
0.00427629
0.00642731
0.00977645
0.0148837
0.0225132
0.0336779
0.0496857
0.0721718
0.103124
0.144873
0.200059
0.271547
0.362316
0.475269
0.61305
0.777784
0.970862
1.19269
1.44255
1.71842
2.01706
2.33397
2.66369
3
0
6.3286e-05
0.000125091
0.000183851
0.000238589
0.000288075
0.000332065
0.000369893
0.000402004
0.00042828
0.000449605
0.000466238
0.000479205
0.00048896
0.000496508
0.000502486
0.000508062
0.00051452
0.00052417
0.000540673
0.000570512
0.000624723
0.000722122
0.000893918
0.00119093
0.00169373
0.00252732
0.00388043
0.00603165
0.00938082
0.0144886
0.0221183
0.0332843
0.0492926
0.0717816
0.102736
0.14449
0.199679
0.271178
0.361954
0.474923
0.612717
0.777476
0.970575
1.19244
1.44232
1.71824
2.01691
2.33387
2.66364
3
0
3.49196e-05
6.89683e-05
0.000101452
0.000131567
0.000158984
0.000183155
0.000204165
0.000221786
0.000236422
0.000248112
0.00025742
0.000264551
0.000270109
0.000274433
0.00027822
0.000282169
0.000287585
0.000296485
0.000312534
0.000342055
0.000396087
0.000493353
0.00066509
0.000962024
0.00146483
0.00229832
0.0036515
0.00580254
0.00915192
0.0142593
0.0218896
0.033055
0.0490646
0.0715528
0.10251
0.144263
0.199458
0.270956
0.361742
0.474713
0.612521
0.777286
0.970405
1.19228
1.44219
1.71813
2.01683
2.33381
2.66361
3
0
1.88668e-05
3.72967e-05
5.48181e-05
7.11522e-05
8.59172e-05
9.90575e-05
0.000110354
0.000119957
0.000127814
0.000134209
0.000139211
0.000143161
0.000146227
0.000148811
0.000151283
0.000154365
0.000159145
0.000167651
0.000183418
0.000212775
0.000266683
0.000363887
0.000535545
0.000832462
0.00133515
0.00216865
0.00352157
0.00567268
0.00902148
0.0141291
0.0217583
0.0329244
0.0489319
0.0714217
0.102375
0.144132
0.199322
0.270827
0.361607
0.474589
0.612393
0.777172
0.97029
1.19218
1.4421
1.71806
2.01677
2.33378
2.66359
3
0
9.99704e-06
1.9744e-05
2.90469e-05
3.76693e-05
4.55256e-05
5.24486e-05
5.84733e-05
6.35231e-05
6.77267e-05
7.10881e-05
7.37883e-05
7.58989e-05
7.76453e-05
7.92128e-05
8.09957e-05
8.35645e-05
8.80174e-05
9.62845e-05
0.000111909
0.000141155
0.000195005
0.000292134
0.000463768
0.000760563
0.00126324
0.00209646
0.0034494
0.00559983
0.00894875
0.014055
0.0216845
0.0328478
0.0488564
0.0713414
0.102297
0.144046
0.199242
0.270736
0.361525
0.474495
0.612311
0.777079
0.970215
1.1921
1.44204
1.71799
2.01673
2.33374
2.66357
3
0
5.18397e-06
1.02488e-05
1.50627e-05
1.95527e-05
2.36092e-05
2.72223e-05
3.0326e-05
3.29688e-05
3.51314e-05
3.69024e-05
3.83054e-05
3.94606e-05
4.04561e-05
4.15015e-05
4.28879e-05
4.51968e-05
4.94567e-05
5.76053e-05
7.31364e-05
0.000102331
0.000156114
0.000253218
0.000424737
0.000721514
0.0012239
0.00205711
0.00340935
0.00555981
0.00890714
0.0140136
0.0216398
0.0328038
0.0488065
0.0712933
0.10224
0.143993
0.199174
0.270676
0.361446
0.474429
0.612225
0.777011
0.970128
1.19204
1.44196
1.71794
2.01667
2.33371
2.66356
3
0
2.63559e-06
5.2048e-06
7.65764e-06
9.92985e-06
1.20013e-05
1.38252e-05
1.54141e-05
1.67455e-05
1.78584e-05
1.87556e-05
1.94977e-05
2.01231e-05
2.07403e-05
2.14928e-05
2.2682e-05
2.48419e-05
2.90076e-05
3.70806e-05
5.25687e-05
8.17067e-05
0.000135466
0.000232467
0.000403963
0.000700471
0.00120283
0.00203534
0.00338755
0.00553638
0.00888377
0.0139867
0.0216134
0.0327707
0.0487748
0.0712499
0.1022
0.143935
0.199123
0.2706
0.361384
0.474336
0.612154
0.776908
0.970054
1.19194
1.44189
1.71786
2.01663
2.33367
2.66354
3
0
1.31055e-06
2.59113e-06
3.80773e-06
4.94287e-06
5.96751e-06
6.88088e-06
7.66491e-06
8.33451e-06
8.88516e-06
9.34549e-06
9.73036e-06
1.00938e-05
1.05043e-05
1.11139e-05
1.21929e-05
1.42813e-05
1.83885e-05
2.6427e-05
4.18687e-05
7.09855e-05
0.000124657
0.000221632
0.000392888
0.000689348
0.00119106
0.00202349
0.00337411
0.00552287
0.00886669
0.0139698
0.0215892
0.0327474
0.0487383
0.0712163
0.102144
0.143886
0.199043
0.270534
0.361276
0.474252
0.612023
0.776812
0.969914
1.19184
1.44177
1.71779
2.01654
2.33363
2.66351
3
0
6.38769e-07
1.26129e-06
1.85572e-06
2.40595e-06
2.90783e-06
3.34933e-06
3.73477e-06
4.05867e-06
4.33347e-06
4.56367e-06
4.77517e-06
4.99916e-06
5.31052e-06
5.84237e-06
6.86949e-06
8.91463e-06
1.29953e-05
2.09977e-05
3.64212e-05
6.54663e-05
0.000119111
0.000215881
0.00038708
0.000682962
0.00118456
0.0020155
0.00336593
0.0055112
0.00885488
0.0139505
0.0215703
0.0327143
0.0487071
0.0711606
0.102094
0.143798
0.198968
0.270406
0.361173
0.474085
0.611896
0.776619
0.969777
1.19165
1.44164
1.71763
2.01645
2.33354
2.66347
3
0
3.0432e-07
6.01702e-07
8.8406e-07
1.14759e-06
1.38526e-06
1.59743e-06
1.77985e-06
1.93732e-06
2.07044e-06
2.19101e-06
2.31257e-06
2.47092e-06
2.72978e-06
3.22555e-06
4.22209e-06
6.24769e-06
1.03015e-05
1.8289e-05
3.36563e-05
6.26764e-05
0.000116153
0.000212863
0.000383565
0.000679309
0.00117956
0.00201024
0.00335738
0.00550226
0.00883863
0.013934
0.0215391
0.0326839
0.0486501
0.0711075
0.101998
0.143713
0.198819
0.270281
0.360966
0.473921
0.61164
0.776429
0.969499
1.19146
1.44139
1.71747
2.01627
2.33345
2.66341
3
0
1.42077e-07
2.80494e-07
4.12689e-07
5.3496e-07
6.46597e-07
7.44885e-07
8.31368e-07
9.0551e-07
9.7238e-07
1.03752e-06
1.11751e-06
1.24196e-06
1.47686e-06
1.95194e-06
2.93472e-06
4.94112e-06
8.98332e-06
1.69285e-05
3.22738e-05
6.1161e-05
0.000114579
0.000210879
0.000381435
0.000676022
0.00117595
0.00200366
0.00335022
0.00548819
0.00882377
0.0139046
0.0215093
0.0326264
0.0485944
0.0710042
0.101903
0.143544
0.198671
0.270033
0.36076
0.473594
0.611384
0.776049
0.969222
1.19108
1.44113
1.71716
2.01609
2.33327
2.66334
3
0
6.47953e-08
1.28119e-07
1.88208e-07
2.44331e-07
2.94965e-07
3.40431e-07
3.80095e-07
4.15987e-07
4.50211e-07
4.90192e-07
5.49267e-07
6.58507e-07
8.80006e-07
1.34581e-06
2.31546e-06
4.31321e-06
8.32484e-06
1.62517e-05
3.14964e-05
6.03314e-05
0.000113425
0.000209583
0.000379181
0.000673422
0.00117078
0.00199777
0.00333806
0.0054748
0.00879655
0.0138759
0.0214529
0.0325695
0.0484877
0.0709016
0.101719
0.143376
0.198386
0.269786
0.360363
0.473268
0.610891
0.775669
0.968687
1.1907
1.44064
1.71685
2.01574
2.33309
2.66322
3
0
2.8952e-08
5.71501e-08
8.40939e-08
1.0902e-07
1.31878e-07
1.52222e-07
1.70791e-07
1.88313e-07
2.07989e-07
2.35633e-07
2.85473e-07
3.86413e-07
6.01937e-07
1.05914e-06
2.02262e-06
3.9992e-06
7.99643e-06
1.58503e-05
3.10508e-05
5.96394e-05
0.000112604
0.000208
0.000377258
0.00066936
0.00116594
0.00198747
0.00332623
0.00545035
0.00876965
0.0138225
0.0213969
0.0324634
0.0483813
0.0707098
0.101536
0.143063
0.198102
0.269324
0.359966
0.47266
0.610399
0.774961
0.968153
1.18999
1.44015
1.71626
2.0154
2.33276
2.66309
3
0
1.26294e-08
2.49759e-08
3.66943e-08
4.7676e-08
5.76655e-08
6.68975e-08
7.55943e-08
8.5079e-08
9.78022e-08
1.20088e-07
1.65011e-07
2.62267e-07
4.72393e-07
9.2539e-07
1.87482e-06
3.84061e-06
7.78701e-06
1.56054e-05
3.06264e-05
5.91044e-05
0.000111488
0.000206574
0.000374124
0.000665455
0.00115747
0.00197733
0.00330504
0.00542605
0.00872108
0.0137693
0.0212955
0.0323574
0.0481888
0.0705181
0.101205
0.142749
0.197588
0.268862
0.359249
0.472051
0.60951
0.774254
0.967189
1.18928
1.43927
1.71568
2.01477
2.33243
2.66287
3
0
5.39742e-09
1.06558e-08
1.56935e-08
2.0384e-08
2.47852e-08
2.89523e-08
3.34077e-08
3.91492e-08
4.89014e-08
6.84042e-08
1.11153e-07
2.05166e-07
4.12548e-07
8.56611e-07
1.79835e-06
3.73022e-06
7.6497e-06
1.53427e-05
3.02745e-05
5.83275e-05
0.000110445
0.000204222
0.000371062
0.000658735
0.00114908
0.00195965
0.00328391
0.00538355
0.00867258
0.0136763
0.0211941
0.0321721
0.0479963
0.0701833
0.100874
0.142202
0.197074
0.268056
0.358532
0.47099
0.608622
0.77302
0.966226
1.18804
1.43839
1.71467
2.01414
2.33186
2.66264
3
0
2.25143e-09
4.45659e-09
6.56045e-09
8.56889e-09
1.04901e-08
1.25202e-08
1.50514e-08
1.92193e-08
2.74658e-08
4.57413e-08
8.66256e-08
1.78927e-07
3.80865e-07
8.19712e-07
1.73974e-06
3.65221e-06
7.4876e-06
1.51125e-05
2.97461e-05
5.75834e-05
0.000108739
0.000201903
0.000365928
0.000652047
0.0011349
0.001942
0.0032482
0.00534108
0.00859059
0.0135832
0.0210229
0.0319867
0.0476715
0.0698484
0.100316
0.141654
0.196207
0.26725
0.357325
0.469929
0.607125
0.771787
0.964603
1.1868
1.4369
1.71365
2.01309
2.33128
2.66226
3
0
9.20995e-10
1.82186e-09
2.6979e-09
3.54792e-09
4.44159e-09
5.52768e-09
7.26291e-09
1.06526e-08
1.82366e-08
3.54861e-08
7.53513e-08
1.64475e-07
3.63041e-07
7.88575e-07
1.69531e-06
3.55373e-06
7.33982e-06
1.4764e-05
2.92321e-05
5.63916e-05
0.000107048
0.000198133
0.000360808
0.000641133
0.00112074
0.00191319
0.0032125
0.00527177
0.00850862
0.0134314
0.0208517
0.0316846
0.0473468
0.0693025
0.0997573
0.140762
0.19534
0.265937
0.356117
0.468201
0.605628
0.769777
0.96298
1.18479
1.43541
1.712
2.01204
2.33035
2.66188
3
0
3.68522e-10
7.33494e-10
1.09371e-09
1.47246e-09
1.92428e-09
2.62601e-09
3.97726e-09
7.02499e-09
1.40692e-08
3.07383e-08
6.88275e-08
1.55874e-07
3.4662e-07
7.63477e-07
1.63693e-06
3.4614e-06
7.11795e-06
1.44217e-05
2.84314e-05
5.52059e-05
0.000104389
0.000194368
0.000352741
0.000630226
0.00109843
0.00188438
0.00315624
0.00520246
0.00837948
0.0132797
0.0205819
0.0313824
0.046835
0.0687567
0.0988774
0.13987
0.193974
0.264623
0.354213
0.466472
0.603267
0.767768
0.960421
1.18277
1.43307
1.71035
2.01038
2.32941
2.66128
3
0
1.45639e-10
2.91772e-10
4.45913e-10
6.27502e-10
9.02246e-10
1.42315e-09
2.60573e-09
5.38207e-09
1.21104e-08
2.78299e-08
6.4699e-08
1.47348e-07
3.32702e-07
7.29931e-07
1.58112e-06
3.32547e-06
6.89867e-06
1.39053e-05
2.76334e-05
5.34066e-05
0.000101733
0.000188647
0.000344677
0.00061364
0.00107612
0.00184056
0.00309999
0.005097
0.00825034
0.0130486
0.0203122
0.0309222
0.0463233
0.0679248
0.0979976
0.13851
0.192608
0.26262
0.352309
0.463833
0.600907
0.764698
0.957862
1.17969
1.43072
1.70782
2.00872
2.32798
2.66067
3
0
5.7213e-11
1.17477e-10
1.87796e-10
2.9159e-10
4.85119e-10
9.26551e-10
1.97876e-09
4.59084e-09
1.08337e-08
2.587e-08
6.03728e-08
1.39829e-07
3.14097e-07
6.97422e-07
1.50115e-06
3.1906e-06
6.57916e-06
1.33899e-05
2.64656e-05
5.16084e-05
9.78399e-05
0.000182927
0.000332849
0.000597056
0.00104336
0.00179674
0.00301733
0.00499154
0.00806038
0.0128176
0.019915
0.030462
0.0455689
0.067093
0.096699
0.137149
0.19059
0.260616
0.349493
0.461194
0.597413
0.761629
0.95407
1.17661
1.42725
1.70529
2.00625
2.32655
2.65978
3
0
2.30812e-11
4.94018e-11
8.71469e-11
1.56174e-10
3.13956e-10
6.95603e-10
1.66628e-09
4.04116e-09
9.91932e-09
2.37379e-08
5.64392e-08
1.29903e-07
2.95901e-07
6.52298e-07
1.42159e-06
3.00112e-06
6.26008e-06
1.26633e-05
2.52982e-05
4.90684e-05
9.39476e-05
0.000174835
0.000321022
0.000573558
0.0010106
0.00173456
0.00293467
0.00484162
0.00787041
0.0124885
0.0195178
0.0298054
0.0448144
0.0659043
0.0954005
0.135202
0.188572
0.257744
0.346677
0.457406
0.593919
0.757219
0.950279
1.17219
1.42377
1.70166
2.00379
2.32449
2.65889
3
0
9.94938e-12
2.32586e-11
4.68249e-11
1.0051e-10
2.32138e-10
5.75176e-10
1.43519e-09
3.62458e-09
8.90383e-09
2.17539e-08
5.13573e-08
1.20134e-07
2.71509e-07
6.07335e-07
1.31395e-06
2.81181e-06
5.82681e-06
1.19368e-05
2.37093e-05
4.65285e-05
8.86377e-05
0.000166742
0.000304849
0.00055006
0.000965707
0.00167237
0.0028211
0.00469169
0.00760877
0.0121595
0.0189695
0.0291489
0.0437706
0.0647157
0.0935998
0.133255
0.185768
0.254872
0.342758
0.453619
0.589049
0.752809
0.944988
1.16776
1.41892
1.69802
2.00035
2.32243
2.65764
3
0
4.9268e-12
1.27199e-11
3.00083e-11
7.27927e-11
1.86996e-10
4.80766e-10
1.25091e-09
3.15899e-09
7.94221e-09
1.92615e-08
4.63337e-08
1.07515e-07
2.47178e-07
5.48795e-07
1.20637e-06
2.56436e-06
5.3936e-06
1.09842e-05
2.21204e-05
4.31878e-05
8.33278e-05
0.000156065
0.000288676
0.000518955
0.00092081
0.00158979
0.00270752
0.00449197
0.00734713
0.0117198
0.0184211
0.028269
0.0427267
0.0631181
0.0917991
0.130632
0.182964
0.250993
0.338839
0.448493
0.584178
0.746831
0.939697
1.16175
1.41406
1.69308
1.99691
2.31963
2.65639
3
0
2.83752e-12
8.18187e-12
2.1163e-11
5.64779e-11
1.49792e-10
4.02134e-10
1.04619e-09
2.71236e-09
6.77309e-09
1.67901e-08
4.00908e-08
9.49181e-08
2.16719e-07
4.90277e-07
1.07109e-06
2.31694e-06
4.84659e-06
1.00317e-05
2.01059e-05
3.98471e-05
7.6568e-05
0.000145388
0.000268002
0.00048785
0.000863181
0.00150721
0.00256116
0.00429224
0.00700863
0.0112801
0.017709
0.0273891
0.0413662
0.0615205
0.0894448
0.128008
0.179287
0.247114
0.333686
0.443368
0.57776
0.740853
0.932711
1.15574
1.40764
1.68814
1.99235
2.31683
2.65474
3
0
1.92159e-12
5.70768e-12
1.5716e-11
4.26697e-11
1.17882e-10
3.164e-10
8.48219e-10
2.18898e-09
5.61172e-09
1.38398e-08
3.38564e-08
7.97666e-08
1.86269e-07
4.19509e-07
9.3581e-07
2.01618e-06
4.29958e-06
8.86787e-06
1.80914e-05
3.57444e-05
6.98081e-05
0.000132208
0.000247327
0.00044926
0.000805553
0.00140425
0.00241479
0.00404202
0.00667012
0.0107267
0.0169969
0.0262768
0.0400058
0.0594928
0.0870904
0.124666
0.17561
0.242156
0.328533
0.436798
0.571342
0.733172
0.925726
1.148
1.40122
1.68177
1.98779
2.31322
2.65309
3
