0.01
100
0
0
0
0
0
0
0
0
0
0
0
0
0
0
0
0
0
0
0
0
0
0
0
0
0
0
0
0
0
0
0
0
0
0
0
0
0
0
0
0
0
0
0
0
0
0
0
0
0
0
0
0
0
0
0
0
0
0
0
0
0
0
0
0
0
0
0
0
0
0
0
0
0
0
0
0
0
0
0
0
0
0
0
0
0
0
0
0
0
0
0
0
0
0
0
0
0
0
0
1.5
0
0.000999631
0.00199963
0.00300036
0.00400219
0.00500545
0.00601048
0.0070176
0.0080271
0.00903926
0.0100543
0.0110725
0.012094
0.0131189
0.0141473
0.0151794
0.0162151
0.0172543
0.0182971
0.0193433
0.0203926
0.0214449
0.0224999
0.0235571
0.0246163
0.025677
0.0267387
0.0278008
0.0288627
0.0299239
0.0309838
0.0320415
0.0330966
0.0341482
0.0351958
0.0362388
0.0372764
0.0383082
0.0393337
0.0403525
0.0413643
0.0423689
0.0433662
0.0443564
0.0453397
0.0463166
0.0472877
0.0482539
0.0492164
0.0501764
0.0511356
0.052096
0.0530597
0.0540294
0.0550078
0.0559983
0.0570044
0.0580301
0.0590799
0.0601587
0.0612717
0.062425
0.0636249
0.0648785
0.0661937
0.0675791
0.069044
0.0705991
0.072256
0.0740276
0.0759286
0.0779755
0.0801868
0.082584
0.0851913
0.0880372
0.0911544
0.0945817
0.0983649
0.102559
0.107229
0.112456
0.118339
0.125002
0.1326
0.141336
0.151471
0.163354
0.177464
0.194465
0.215321
0.241473
0.275177
0.320176
0.383115
0.476874
0.629208
0.907735
1.50035
3
0
0.00199893
0.00399859
0.00599973
0.00800306
0.0100093
0.0120191
0.014033
0.0160518
0.0180759
0.0201058
0.022142
0.0241848
0.0262346
0.0282915
0.0303556
0.032427
0.0345056
0.0365914
0.0386839
0.0407828
0.0428877
0.044998
0.047113
0.0492319
0.0513538
0.0534776
0.0556024
0.057727
0.05985
0.0619704
0.0640866
0.0661973
0.0683013
0.0703972
0.0724837
0.0745595
0.0766236
0.0786751
0.080713
0.0827367
0.084746
0.0867405
0.0887207
0.0906868
0.09264
0.0945813
0.0965126
0.0984361
0.100355
0.102271
0.10419
0.106115
0.108051
0.110005
0.111982
0.11399
0.116037
0.118132
0.120284
0.122504
0.124804
0.127197
0.129696
0.132318
0.135079
0.137999
0.141097
0.144398
0.147927
0.151712
0.155787
0.160189
0.164958
0.170145
0.175804
0.181999
0.188808
0.19632
0.204641
0.213901
0.224256
0.235899
0.249068
0.264064
0.281273
0.301192
0.324483
0.352035
0.385077
0.425348
0.475393
0.539061
0.622411
0.735409
0.895175
1.13222
1.50139
2.09365
3
0
0.00299754
0.0059962
0.00899709
0.0120013
0.0150099
0.0180238
0.0210441
0.0240716
0.0271072
0.0301517
0.0332056
0.0362695
0.039344
0.0424292
0.0455254
0.0486327
0.0517509
0.0548799
0.0580192
0.0611683
0.0643264
0.0674928
0.0706663
0.0738458
0.0770299
0.0802171
0.0834058
0.0865942
0.0897805
0.0929626
0.0961387
0.0993066
0.102464
0.10561
0.108741
0.111856
0.114954
0.118032
0.121089
0.124126
0.12714
0.130131
0.133101
0.136049
0.138977
0.141887
0.144781
0.147663
0.150536
0.153406
0.156279
0.15916
0.162057
0.16498
0.167937
0.170939
0.173998
0.177128
0.180343
0.183659
0.187093
0.190664
0.194394
0.198305
0.202423
0.206776
0.211395
0.216314
0.22157
0.227208
0.233274
0.239824
0.246918
0.254628
0.263034
0.272233
0.282333
0.293466
0.305787
0.31948
0.33477
0.351933
0.371307
0.393317
0.418499
0.447544
0.481352
0.521119
0.568459
0.625601
0.69569
0.783262
0.895
1.04094
1.23619
1.50312
1.87194
2.37287
3
0
0.00399514
0.00799178
0.0119914
0.0159955
0.0200055
0.0240228
0.0280486
0.0320841
0.0361306
0.040189
0.0442601
0.0483449
0.0524437
0.0565572
0.0606855
0.0648288
0.0689869
0.0731596
0.0773463
0.0815463
0.0857587
0.0899823
0.0942156
0.0984571
0.102705
0.106957
0.111212
0.115466
0.119717
0.123963
0.128201
0.132429
0.136642
0.140839
0.145017
0.149173
0.153305
0.157412
0.16149
0.165539
0.169558
0.173547
0.177505
0.181434
0.185335
0.189211
0.193065
0.196901
0.200725
0.204543
0.208362
0.212192
0.216041
0.219923
0.223849
0.227833
0.231892
0.236043
0.240304
0.244698
0.249246
0.253975
0.258912
0.264088
0.269535
0.27529
0.281395
0.287894
0.294836
0.302277
0.31028
0.318916
0.328264
0.338415
0.349475
0.361566
0.374828
0.389427
0.405561
0.423462
0.443414
0.465758
0.490913
0.519398
0.551864
0.589133
0.632264
0.682629
0.742039
0.812909
0.898507
1.0033
1.13339
1.29714
1.50555
1.77213
2.11037
2.5259
3
0
0.00499135
0.0099846
0.0149817
0.0199844
0.0249945
0.0300139
0.0350441
0.0400867
0.0451431
0.0502147
0.0553025
0.0604075
0.0655304
0.070672
0.0758324
0.081012
0.0862104
0.0914274
0.0966624
0.101914
0.107182
0.112464
0.117759
0.123065
0.128379
0.133698
0.139021
0.144343
0.149663
0.154975
0.160278
0.165567
0.170839
0.176091
0.181318
0.186518
0.191687
0.196823
0.201924
0.206987
0.212011
0.216997
0.221943
0.226851
0.231723
0.236561
0.24137
0.246155
0.250923
0.255681
0.260439
0.265207
0.269998
0.274826
0.279706
0.284657
0.289698
0.29485
0.300137
0.305585
0.311223
0.317082
0.323196
0.329602
0.336341
0.343459
0.351005
0.359033
0.367605
0.376788
0.386657
0.397299
0.408809
0.421297
0.434889
0.44973
0.465987
0.483856
0.503569
0.525397
0.549668
0.576773
0.60719
0.641501
0.680426
0.724864
0.775943
0.835097
0.904159
0.985489
1.08213
1.19802
1.33814
1.50867
1.71674
1.96947
2.27153
2.62035
3
0
0.0059858
0.0119739
0.0179667
0.0239664
0.0299751
0.0359951
0.0420283
0.0480767
0.054142
0.0602257
0.0663293
0.0724539
0.0786005
0.08477
0.0909626
0.0971786
0.103418
0.10968
0.115964
0.122269
0.128594
0.134937
0.141296
0.147667
0.15405
0.16044
0.166833
0.173228
0.179618
0.186002
0.192373
0.198728
0.205062
0.211371
0.217651
0.223897
0.230106
0.236275
0.242399
0.248478
0.254508
0.26049
0.266423
0.272308
0.278148
0.283945
0.289704
0.295432
0.301136
0.306825
0.31251
0.318204
0.323923
0.329681
0.335498
0.341396
0.347397
0.353527
0.359813
0.366288
0.372984
0.379938
0.387191
0.394787
0.402774
0.411204
0.420136
0.429633
0.439767
0.450615
0.462266
0.474817
0.488379
0.503079
0.519058
0.536481
0.555537
0.576446
0.599464
0.624893
0.65309
0.68448
0.719575
0.758991
0.803478
0.853954
0.911549
0.977659
1.05401
1.14276
1.24652
1.36851
1.51249
1.68267
1.88325
2.11748
2.38591
2.68399
3
0
0.00697812
0.013959
0.0209454
0.02794
0.0349454
0.0419642
0.0489987
0.0560513
0.063124
0.0702186
0.077337
0.0844805
0.0916503
0.0988472
0.106072
0.113325
0.120605
0.127914
0.135248
0.142608
0.149992
0.157398
0.164823
0.172264
0.179718
0.187181
0.19465
0.20212
0.209587
0.217044
0.224488
0.231914
0.239314
0.246686
0.254022
0.261319
0.268572
0.275775
0.282927
0.290022
0.29706
0.304038
0.310957
0.317818
0.324622
0.331373
0.338076
0.344739
0.351369
0.357978
0.364578
0.371184
0.377812
0.384483
0.391216
0.398037
0.404973
0.412052
0.419307
0.426774
0.434491
0.442501
0.45085
0.459587
0.468768
0.478453
0.488707
0.499602
0.511219
0.523645
0.536978
0.551328
0.566817
0.583584
0.601786
0.621603
0.643238
0.666929
0.692951
0.721624
0.753321
0.788486
0.827642
0.871413
0.920543
0.975928
1.03864
1.10998
1.19148
1.285
1.39269
1.51701
1.66064
1.82626
2.01613
2.2313
2.47065
2.72968
3
0
0.00796788
0.015939
0.0239165
0.0319037
0.0399034
0.0479188
0.0559526
0.0640075
0.0720859
0.08019
0.0883219
0.0964833
0.104675
0.1129
0.121156
0.129446
0.137769
0.146124
0.154511
0.162928
0.171373
0.179844
0.188338
0.196851
0.205381
0.213923
0.222471
0.231022
0.239569
0.248106
0.256629
0.265129
0.273602
0.282041
0.29044
0.298792
0.307092
0.315335
0.323516
0.331631
0.339677
0.347653
0.355557
0.36339
0.371155
0.378855
0.386495
0.394084
0.401631
0.409147
0.416647
0.424148
0.431667
0.439228
0.446853
0.454571
0.462412
0.470408
0.478596
0.487017
0.495713
0.504732
0.514125
0.523949
0.534264
0.545138
0.556642
0.568856
0.581867
0.595773
0.610679
0.626705
0.643982
0.66266
0.682906
0.70491
0.728887
0.755087
0.783793
0.815333
0.850089
0.888504
0.931098
0.978477
1.03136
1.09058
1.15712
1.23213
1.31694
1.41308
1.52222
1.64619
1.78679
1.94562
2.12369
2.32096
2.5357
2.76407
3
0
0.00895465
0.017913
0.0268788
0.0358557
0.0448471
0.0538565
0.0628871
0.0719421
0.0810242
0.0901361
0.09928
0.108458
0.117672
0.126923
0.136212
0.145539
0.154904
0.164308
0.173748
0.183223
0.192732
0.202271
0.211838
0.221429
0.231038
0.240663
0.250296
0.259932
0.269566
0.27919
0.288797
0.29838
0.307931
0.317444
0.326911
0.336324
0.345677
0.354964
0.364178
0.373316
0.382372
0.391346
0.400235
0.409039
0.417761
0.426404
0.434974
0.443479
0.451931
0.46034
0.468724
0.4771
0.485489
0.493915
0.502406
0.51099
0.519702
0.528579
0.537661
0.546991
0.556619
0.566595
0.576977
0.587827
0.59921
0.611199
0.623873
0.637318
0.651628
0.666907
0.683267
0.700836
0.719753
0.740173
0.762273
0.786248
0.81232
0.840743
0.871804
0.905831
0.943201
0.984348
1.02977
1.08005
1.13584
1.1979
1.26712
1.34448
1.43108
1.52814
1.63694
1.75875
1.89473
2.04574
2.21206
2.39312
2.58713
2.79092
3
0
0.00993799
0.0198802
0.0298309
0.0397942
0.0497741
0.0597745
0.0697992
0.0798517
0.0899352
0.100053
0.110207
0.1204
0.130635
0.140912
0.151232
0.161597
0.172006
0.182459
0.192954
0.203491
0.214066
0.224677
0.235321
0.245992
0.256687
0.2674
0.278124
0.288853
0.29958
0.310297
0.320996
0.331669
0.342307
0.352901
0.363443
0.373924
0.384336
0.394673
0.404926
0.41509
0.42516
0.435132
0.445005
0.454778
0.464453
0.474034
0.483526
0.492938
0.502281
0.511568
0.520817
0.530048
0.539282
0.548547
0.557872
0.56729
0.576837
0.586554
0.596484
0.606677
0.617183
0.628061
0.63937
0.651178
0.663557
0.676583
0.690341
0.704923
0.720428
0.736965
0.754654
0.773626
0.794025
0.816014
0.83977
0.865493
0.893409
0.923767
0.956854
0.992991
1.03254
1.07592
1.1236
1.1761
1.23404
1.29809
1.36899
1.44759
1.53477
1.63148
1.73864
1.85713
1.98763
2.13053
2.28571
2.45234
2.62879
2.81247
3
0
0.0109174
0.0218396
0.0327713
0.0437173
0.0546821
0.0656701
0.0766856
0.0877326
0.0988148
0.109936
0.121098
0.132305
0.143559
0.154861
0.166213
0.177616
0.189069
0.200572
0.212125
0.223725
0.23537
0.247057
0.258782
0.27054
0.282325
0.294132
0.305954
0.317784
0.329612
0.34143
0.35323
0.365001
0.376734
0.388418
0.400044
0.411601
0.423081
0.434474
0.445771
0.456967
0.468054
0.479027
0.489885
0.500626
0.511251
0.521762
0.532168
0.542475
0.552695
0.562844
0.572939
0.583001
0.593055
0.603129
0.613255
0.623469
0.633811
0.644324
0.655055
0.666057
0.677386
0.689103
0.701274
0.713969
0.727264
0.741243
0.755993
0.771612
0.788203
0.805879
0.824765
0.844995
0.866716
0.890094
0.915306
0.942554
0.972059
1.00407
1.03886
1.07674
1.11806
1.1632
1.2126
1.26673
1.32614
1.39141
1.46317
1.54212
1.62894
1.72436
1.82902
1.9435
2.06815
2.20306
2.34788
2.50176
2.66321
2.83016
3
0
0.0118923
0.02379
0.0356984
0.0476229
0.0595685
0.0715403
0.0835429
0.095581
0.107659
0.11978
0.131949
0.144167
0.156439
0.168765
0.181148
0.193589
0.206087
0.218643
0.231254
0.243921
0.256639
0.269406
0.282217
0.295066
0.307949
0.320858
0.333786
0.346723
0.359662
0.372591
0.385501
0.398381
0.411218
0.424003
0.436723
0.449366
0.461922
0.47438
0.486729
0.498962
0.511071
0.523049
0.534893
0.5466
0.558171
0.569608
0.580918
0.592109
0.603193
0.614185
0.625104
0.635973
0.646818
0.657669
0.668561
0.679532
0.690624
0.701885
0.713366
0.725121
0.737211
0.749702
0.762662
0.776167
0.790298
0.80514
0.820786
0.837338
0.854901
0.873593
0.89354
0.914879
0.93776
0.962346
0.988815
1.01736
1.04821
1.0816
1.11778
1.15706
1.19976
1.24623
1.29686
1.3521
1.41239
1.47824
1.55018
1.62876
1.71452
1.80798
1.90959
2.01969
2.13842
2.26567
2.40101
2.54359
2.69214
2.84496
3
0
0.0128622
0.0257304
0.0386107
0.0515088
0.0644306
0.0773817
0.0903673
0.103393
0.116462
0.129581
0.142753
0.155981
0.169268
0.182618
0.196031
0.20951
0.223053
0.236663
0.250336
0.264072
0.277867
0.291718
0.30562
0.319568
0.333555
0.347574
0.361615
0.375671
0.389729
0.40378
0.417812
0.431812
0.445766
0.459663
0.473488
0.487229
0.500872
0.514404
0.527815
0.541093
0.554229
0.567216
0.580048
0.592721
0.605236
0.617593
0.629799
0.641862
0.653793
0.66561
0.677331
0.68898
0.700586
0.71218
0.723799
0.735484
0.74728
0.759238
0.771412
0.78386
0.796647
0.809842
0.823517
0.837751
0.85263
0.868242
0.884685
0.902061
0.92048
0.940061
0.960933
0.983231
1.00711
1.03272
1.06025
1.08989
1.12184
1.15633
1.19362
1.23397
1.27769
1.3251
1.37654
1.4324
1.49308
1.55899
1.63056
1.70823
1.79241
1.88347
1.98169
2.08725
2.20015
2.3202
2.44689
2.57946
2.71681
2.85753
3
0
0.0138265
0.0276597
0.0415062
0.0553726
0.0692654
0.0831908
0.0971547
0.111163
0.125221
0.139333
0.153505
0.16774
0.182041
0.196412
0.210855
0.225371
0.239961
0.254625
0.269362
0.28417
0.299046
0.313987
0.328986
0.344039
0.359138
0.374275
0.389441
0.404625
0.419815
0.434999
0.450165
0.465298
0.480383
0.495406
0.51035
0.525201
0.539943
0.554563
0.569045
0.583378
0.597549
0.61155
0.625373
0.639014
0.65247
0.665742
0.678835
0.691758
0.704521
0.717142
0.729641
0.742043
0.754377
0.766678
0.778983
0.791337
0.803787
0.816388
0.829195
0.842273
0.855687
0.869512
0.883823
0.898703
0.914239
0.930526
0.947661
0.96575
0.984907
1.00525
1.02691
1.05002
1.07473
1.10119
1.12959
1.1601
1.19292
1.22828
1.26639
1.30752
1.35194
1.39993
1.45181
1.5079
1.56854
1.63407
1.70485
1.7812
1.86343
1.95179
2.04645
2.14747
2.25476
2.36807
2.48691
2.61056
2.73809
2.86835
3
0
0.0147845
0.0295763
0.044383
0.0592118
0.0740698
0.0889639
0.103901
0.118887
0.133928
0.14903
0.164198
0.179436
0.194749
0.21014
0.225611
0.241165
0.256801
0.272522
0.288325
0.304208
0.32017
0.336205
0.352308
0.368474
0.384693
0.400958
0.417258
0.433582
0.449917
0.466248
0.482562
0.498843
0.515074
0.531238
0.547317
0.563293
0.57915
0.594871
0.610437
0.625836
0.641052
0.656075
0.670894
0.685504
0.6999
0.714083
0.728056
0.741826
0.755405
0.76881
0.782063
0.795187
0.808216
0.821184
0.834132
0.847106
0.860158
0.873342
0.886721
0.90036
0.91433
0.928707
0.943572
0.959009
0.97511
0.991972
1.00969
1.02838
1.04816
1.06913
1.09144
1.11521
1.14059
1.16774
1.19682
1.22801
1.26149
1.29747
1.33616
1.3778
1.42262
1.47089
1.52288
1.57885
1.63911
1.70392
1.77356
1.84829
1.92832
2.01381
2.10484
2.20141
2.30336
2.41041
2.5221
2.63779
2.75666
2.87776
3
0
0.0157355
0.0314791
0.0472392
0.0630235
0.0788402
0.0946968
0.110601
0.126559
0.142579
0.158666
0.174826
0.191064
0.207385
0.223794
0.240292
0.256882
0.273566
0.290343
0.307214
0.324177
0.341228
0.358363
0.375577
0.392863
0.410213
0.427616
0.445063
0.462539
0.480032
0.497526
0.515005
0.53245
0.549844
0.567167
0.584398
0.601519
0.618507
0.635345
0.652011
0.66849
0.684763
0.700817
0.716639
0.732222
0.747559
0.762648
0.777492
0.792098
0.806477
0.820646
0.834625
0.848442
0.862129
0.875724
0.889268
0.902812
0.916408
0.930116
0.944
0.95813
0.97258
0.987428
1.00276
1.01866
1.03523
1.05257
1.07077
1.08995
1.11022
1.1317
1.15452
1.17881
1.20471
1.23237
1.26196
1.29363
1.32757
1.36396
1.403
1.44489
1.48987
1.53814
1.58996
1.64554
1.70512
1.76894
1.8372
1.91009
1.98776
2.07029
2.15772
2.24997
2.34687
2.44812
2.5533
2.66183
2.77301
2.88603
3
0
0.0166788
0.0333665
0.0500723
0.0668049
0.0835731
0.100385
0.11725
0.134174
0.151166
0.168233
0.18538
0.202614
0.219941
0.237364
0.254887
0.272513
0.290244
0.30808
0.326021
0.344066
0.362211
0.380453
0.398785
0.4172
0.435689
0.454243
0.472848
0.491492
0.510159
0.528832
0.547493
0.566122
0.584698
0.6032
0.621605
0.639889
0.65803
0.676003
0.693788
0.711363
0.728707
0.745804
0.762639
0.7792
0.79548
0.811473
0.827183
0.842613
0.857775
0.872685
0.887365
0.901842
0.91615
0.930328
0.944421
0.95848
0.972562
0.986729
1.00105
1.01559
1.03044
1.04568
1.06139
1.07767
1.09461
1.11231
1.13088
1.15043
1.17108
1.19294
1.21613
1.2408
1.26707
1.29509
1.32502
1.357
1.3912
1.4278
1.46698
1.50892
1.55382
1.60187
1.65327
1.70822
1.76691
1.82952
1.89622
1.96712
2.04233
2.12189
2.20577
2.29388
2.38602
2.48191
2.58114
2.68321
2.78752
2.89337
3
0
0.0176135
0.035237
0.0528801
0.0705528
0.0882644
0.106024
0.123842
0.141725
0.159683
0.177723
0.195853
0.214079
0.232406
0.250841
0.269386
0.288047
0.306825
0.32572
0.344734
0.363864
0.383108
0.402462
0.421919
0.441473
0.461113
0.480829
0.500607
0.520434
0.540292
0.560162
0.580026
0.59986
0.619641
0.639345
0.658946
0.678418
0.697733
0.716866
0.73579
0.754481
0.772914
0.791069
0.808928
0.826476
0.843701
0.860599
0.877168
0.893412
0.90934
0.92497
0.940323
0.955427
0.970317
0.985033
0.999623
1.01414
1.02865
1.0432
1.05789
1.07277
1.08794
1.10347
1.11947
1.13602
1.15323
1.1712
1.19003
1.20984
1.23074
1.25285
1.27629
1.3012
1.3277
1.35593
1.38603
1.41815
1.45245
1.48908
1.52821
1.57
1.61463
1.66225
1.71305
1.76717
1.82479
1.88603
1.95102
2.01985
2.09256
2.16916
2.2496
2.33376
2.42143
2.51235
2.60615
2.70237
2.80049
2.89991
3
0
0.0185389
0.0370887
0.0556601
0.0742637
0.0929101
0.111609
0.130372
0.149207
0.168123
0.18713
0.206236
0.225447
0.244771
0.264213
0.283779
0.303472
0.323296
0.343251
0.363339
0.383558
0.403906
0.424378
0.444969
0.46567
0.486473
0.507364
0.528331
0.549358
0.570425
0.591514
0.612602
0.633664
0.654675
0.675607
0.696431
0.717117
0.737635
0.757953
0.778042
0.797872
0.817415
0.836647
0.855545
0.87409
0.892268
0.910071
0.927495
0.944542
0.961222
0.977549
0.993547
1.00924
1.02467
1.03988
1.05491
1.06983
1.08469
1.09957
1.11454
1.12968
1.14507
1.16082
1.17701
1.19374
1.21111
1.22923
1.24822
1.26817
1.2892
1.31144
1.33501
1.36002
1.3866
1.4149
1.44503
1.47714
1.51138
1.54788
1.58679
1.62826
1.67244
1.71947
1.76949
1.82265
1.87905
1.93881
2.002
2.0687
2.1389
2.2126
2.28972
2.37012
2.45361
2.53993
2.62873
2.71963
2.81215
2.90579
3
0
0.0194541
0.0389199
0.0584094
0.0779341
0.0975055
0.117135
0.136833
0.156611
0.176478
0.196444
0.216518
0.236709
0.257024
0.27747
0.298052
0.318776
0.339644
0.36066
0.381823
0.403134
0.42459
0.446187
0.46792
0.489779
0.511756
0.533837
0.556009
0.578253
0.600552
0.622881
0.645218
0.667535
0.689804
0.711993
0.73407
0.756002
0.777752
0.799286
0.820569
0.841566
0.862245
0.882576
0.902531
0.922087
0.941227
0.959939
0.978215
0.996057
1.01347
1.03048
1.04709
1.06334
1.07927
1.09492
1.11034
1.12559
1.14074
1.15586
1.17104
1.18634
1.20188
1.21774
1.23402
1.25082
1.26826
1.28643
1.30545
1.32542
1.34648
1.36873
1.39228
1.41727
1.44381
1.47204
1.50206
1.53403
1.56805
1.60427
1.64282
1.68382
1.72741
1.7737
1.82282
1.87488
1.92996
1.98815
2.04949
2.11403
2.18176
2.25263
2.32655
2.4034
2.48296
2.56501
2.64923
2.73526
2.8227
2.91111
3
0
0.0203579
0.0407287
0.0611252
0.0815601
0.102046
0.122595
0.143219
0.16393
0.184738
0.205655
0.226691
0.247854
0.269154
0.290598
0.312192
0.333943
0.355855
0.37793
0.40017
0.422576
0.445144
0.467873
0.490755
0.513784
0.536947
0.560234
0.583627
0.60711
0.630661
0.654256
0.677869
0.70147
0.725028
0.748507
0.771872
0.795083
0.818102
0.840887
0.863399
0.885596
0.907441
0.928898
0.949933
0.970519
0.990634
1.01026
1.02939
1.04802
1.06615
1.08381
1.10101
1.11778
1.13417
1.1502
1.16595
1.18147
1.19684
1.21212
1.22741
1.2428
1.25838
1.27425
1.29052
1.3073
1.32468
1.34279
1.36173
1.38162
1.40258
1.42471
1.44814
1.47299
1.49936
1.52739
1.55718
1.58886
1.62254
1.65835
1.6964
1.73681
1.77968
1.82512
1.87323
1.92409
1.97777
2.03433
2.0938
2.15619
2.22148
2.28961
2.36048
2.43395
2.50984
2.58792
2.66791
2.74949
2.83229
2.91593
3
0
0.0212495
0.0425131
0.0638045
0.0851376
0.106526
0.127983
0.149522
0.171155
0.192895
0.214754
0.236742
0.25887
0.281147
0.303583
0.326185
0.348959
0.371911
0.395045
0.418363
0.441865
0.465551
0.489417
0.513458
0.537666
0.56203
0.586537
0.611171
0.635913
0.660741
0.685629
0.710547
0.735465
0.760346
0.785153
0.809843
0.834375
0.858703
0.88278
0.90656
0.929997
0.953044
0.97566
0.997804
1.01944
1.04055
1.0611
1.08108
1.10049
1.11933
1.13762
1.15538
1.17263
1.18942
1.2058
1.22181
1.23753
1.25303
1.26839
1.28371
1.29908
1.31461
1.33039
1.34654
1.36317
1.3804
1.39833
1.41708
1.43677
1.45751
1.47942
1.5026
1.52719
1.55327
1.58098
1.61042
1.64169
1.67492
1.7102
1.74764
1.78734
1.82939
1.87388
1.92089
1.97048
2.02271
2.07761
2.1352
2.19546
2.25837
2.32385
2.3918
2.46209
2.53454
2.60893
2.68501
2.76249
2.84104
2.92034
3
0
0.0221278
0.0442708
0.0664439
0.0886623
0.110941
0.133294
0.155735
0.17828
0.20094
0.223729
0.24666
0.269744
0.292991
0.316411
0.340014
0.363807
0.387796
0.411987
0.436382
0.460983
0.48579
0.510799
0.536007
0.561405
0.586983
0.612727
0.638622
0.664646
0.690777
0.716986
0.743243
0.769513
0.795756
0.821931
0.847992
0.873889
0.899573
0.924989
0.950085
0.974805
0.999098
1.02291
1.0462
1.06892
1.09103
1.11252
1.13336
1.15355
1.17309
1.19199
1.21027
1.22797
1.24512
1.26177
1.27798
1.29383
1.30938
1.32473
1.33998
1.35523
1.37059
1.38618
1.4021
1.41848
1.43543
1.45307
1.47151
1.49089
1.5113
1.53286
1.55569
1.57989
1.60558
1.63286
1.66183
1.69259
1.72526
1.75991
1.79664
1.83554
1.87668
1.92014
1.96598
2.01425
2.06499
2.11821
2.17392
2.23209
2.29269
2.35562
2.4208
2.48808
2.5573
2.62825
2.70071
2.77441
2.84906
2.92437
3
0
0.0229916
0.0459995
0.0690402
0.0921296
0.115284
0.138519
0.16185
0.185293
0.208861
0.23257
0.256432
0.280461
0.304669
0.329066
0.353663
0.378469
0.403491
0.428735
0.454206
0.479907
0.505838
0.531997
0.558379
0.584978
0.611784
0.638783
0.665958
0.693289
0.72075
0.748313
0.775944
0.803605
0.831253
0.858842
0.886322
0.913636
0.940728
0.967538
0.994003
1.02006
1.04565
1.07071
1.09518
1.11902
1.14217
1.16461
1.18632
1.20728
1.2275
1.24699
1.26577
1.28387
1.30133
1.3182
1.33455
1.35043
1.36595
1.38119
1.39627
1.41129
1.42637
1.44164
1.45722
1.47323
1.48978
1.50701
1.52504
1.54398
1.56395
1.58505
1.60741
1.63113
1.65631
1.68305
1.71146
1.74161
1.77361
1.80754
1.84348
1.88149
1.92166
1.96403
2.00865
2.05556
2.10479
2.15633
2.21019
2.26631
2.32467
2.38516
2.44769
2.51213
2.57832
2.64607
2.71517
2.78538
2.85643
2.92807
3
0
0.0238397
0.047697
0.0715895
0.0955348
0.11955
0.143652
0.167859
0.192185
0.216648
0.241263
0.266045
0.291008
0.316165
0.34153
0.367113
0.392924
0.418974
0.445268
0.471814
0.498614
0.525671
0.552984
0.580549
0.60836
0.636408
0.664678
0.693156
0.721818
0.750639
0.779589
0.808632
0.837727
0.866827
0.895882
0.924835
0.953625
0.982186
1.01045
1.03835
1.06581
1.09275
1.11912
1.14483
1.16982
1.19404
1.21746
1.24004
1.26177
1.28266
1.30272
1.32197
1.34043
1.35816
1.37519
1.39158
1.40743
1.42281
1.43784
1.45263
1.4673
1.48199
1.49682
1.51193
1.52744
1.54348
1.56019
1.57767
1.59606
1.61547
1.63601
1.6578
1.68092
1.7055
1.73161
1.75935
1.78881
1.82006
1.85318
1.88825
1.92532
1.96444
2.00567
2.04904
2.09457
2.14228
2.19216
2.24418
2.29832
2.35451
2.41267
2.47269
2.53445
2.59779
2.66255
2.72852
2.79549
2.86323
2.93148
3
0
0.0246708
0.0493606
0.0740883
0.0988727
0.123732
0.148686
0.173752
0.198947
0.22429
0.249797
0.275485
0.301369
0.327464
0.353785
0.380343
0.407153
0.434223
0.461562
0.489179
0.517078
0.545262
0.573733
0.602487
0.63152
0.660823
0.690384
0.720185
0.750205
0.780417
0.81079
0.841287
0.871862
0.902466
0.933044
0.963531
0.993862
1.02396
1.05375
1.08315
1.11209
1.14046
1.1682
1.19521
1.22141
1.24675
1.27116
1.29463
1.31713
1.33868
1.35928
1.37897
1.39776
1.4157
1.43282
1.4492
1.46491
1.48005
1.49474
1.50912
1.52332
1.53749
1.55175
1.56626
1.58114
1.59655
1.61259
1.62942
1.64714
1.66588
1.68575
1.70685
1.72929
1.75316
1.77855
1.80554
1.83422
1.86465
1.8969
1.93103
1.96709
2.00513
2.04519
2.08728
2.13142
2.17761
2.22584
2.27608
2.32828
2.38239
2.43831
2.49595
2.55518
2.61585
2.67782
2.74088
2.80485
2.86951
2.93464
3
0
0.0254837
0.0509877
0.0765325
0.102138
0.127825
0.153612
0.17952
0.205567
0.231774
0.258157
0.284735
0.311526
0.338546
0.365811
0.393335
0.421131
0.449213
0.477591
0.506274
0.535269
0.564581
0.594212
0.624162
0.654426
0.684998
0.715865
0.747011
0.778416
0.810052
0.841887
0.873881
0.905987
0.938152
0.970315
1.00241
1.03435
1.06606
1.09746
1.12845
1.15894
1.18883
1.21802
1.24641
1.2739
1.3004
1.32584
1.3502
1.37347
1.39566
1.41679
1.43689
1.45597
1.47407
1.49123
1.50751
1.52298
1.53776
1.55199
1.56582
1.5794
1.5929
1.60646
1.62023
1.63435
1.64898
1.66425
1.68029
1.69722
1.71518
1.73427
1.75459
1.77624
1.79932
1.8239
1.85006
1.87789
1.90743
1.93874
1.97189
2.00691
2.04383
2.08268
2.12348
2.16622
2.21091
2.25752
2.30602
2.35636
2.40846
2.46225
2.51762
2.57447
2.63264
2.69198
2.75234
2.81351
2.87532
2.93755
3
0
0.026277
0.0525757
0.078918
0.105325
0.13182
0.158422
0.185153
0.212035
0.239087
0.266329
0.293782
0.321464
0.349393
0.377588
0.406063
0.434836
0.46392
0.493328
0.523071
0.553158
0.583596
0.614388
0.645538
0.677041
0.708893
0.741084
0.773598
0.806415
0.839508
0.872844
0.906382
0.940073
0.973861
1.00768
1.04145
1.07509
1.10851
1.1416
1.17428
1.20642
1.23792
1.26867
1.29854
1.32741
1.35512
1.38162
1.40688
1.43091
1.45373
1.47536
1.49584
1.51517
1.5334
1.55054
1.56664
1.58177
1.59604
1.60965
1.62277
1.63559
1.64827
1.66098
1.67386
1.68708
1.70079
1.71515
1.73027
1.74631
1.76337
1.78157
1.80101
1.82179
1.84399
1.86768
1.89295
1.91985
1.94844
1.97878
2.01089
2.04483
2.0806
2.11824
2.15773
2.19909
2.2423
2.28733
2.33413
2.38267
2.43285
2.48461
2.53784
2.59243
2.64825
2.70515
2.76297
2.82155
2.88071
2.94026
3
0
0.0270492
0.0541217
0.0812406
0.108429
0.13571
0.163107
0.190642
0.218337
0.246216
0.274299
0.302607
0.331163
0.359985
0.389093
0.418506
0.448242
0.478316
0.508743
0.539537
0.57071
0.60227
0.634223
0.666575
0.699324
0.732467
0.765997
0.799899
0.834155
0.868739
0.903618
0.93875
0.974084
1.00956
1.04511
1.08064
1.11607
1.15129
1.18619
1.22065
1.25456
1.28779
1.32022
1.35171
1.38208
1.41109
1.43866
1.46481
1.48958
1.513
1.53512
1.55595
1.57552
1.59384
1.61092
1.62677
1.64143
1.65501
1.66782
1.68006
1.69195
1.70365
1.71533
1.72717
1.73934
1.75199
1.76529
1.77938
1.79439
1.81044
1.82765
1.84612
1.86593
1.88717
1.90991
1.93422
1.96014
1.98774
2.01704
2.0481
2.08092
2.11553
2.15194
2.19014
2.23013
2.27188
2.31536
2.36053
2.40733
2.45568
2.5055
2.5567
2.60917
2.66278
2.71739
2.77285
2.82902
2.88571
2.94277
3
0
0.027799
0.0556227
0.083496
0.111443
0.139489
0.167659
0.195975
0.224464
0.253147
0.28205
0.311195
0.340604
0.3703
0.400305
0.430638
0.46132
0.49237
0.523805
0.55564
0.587889
0.620565
0.653677
0.687231
0.72123
0.755673
0.790555
0.825866
0.861587
0.897695
0.934159
0.970935
1.00797
1.04521
1.08257
1.11996
1.15729
1.19442
1.23124
1.2676
1.3034
1.33848
1.37275
1.406
1.43815
1.46852
1.49716
1.52416
1.54962
1.57361
1.59618
1.61735
1.63714
1.65555
1.67256
1.68813
1.70219
1.71477
1.72657
1.73774
1.74851
1.75906
1.76956
1.78019
1.79113
1.80257
1.81466
1.82757
1.84144
1.85638
1.8725
1.8899
1.90867
1.92888
1.9506
1.97388
1.99878
2.02534
2.05358
2.08354
2.11524
2.14868
2.18386
2.22078
2.25942
2.29974
2.34173
2.38531
2.43044
2.47704
2.52503
2.57431
2.62478
2.67631
2.72877
2.78204
2.83595
2.89036
2.9451
3
0
0.0285248
0.0570759
0.0856795
0.114362
0.143149
0.172068
0.201143
0.230401
0.259867
0.289567
0.319526
0.349768
0.380317
0.411198
0.442433
0.474044
0.506053
0.538479
0.571341
0.604657
0.63844
0.672704
0.707458
0.742708
0.778458
0.814704
0.85144
0.888651
0.926317
0.964406
1.00288
1.04169
1.08076
1.12002
1.15938
1.19871
1.23789
1.27676
1.31515
1.35297
1.39002
1.42632
1.46141
1.49601
1.52772
1.5573
1.58507
1.61116
1.63567
1.65866
1.68015
1.70016
1.71868
1.73566
1.75101
1.76447
1.77532
1.78599
1.79583
1.80533
1.81454
1.82368
1.83291
1.84245
1.8525
1.86325
1.87484
1.88744
1.90115
1.91608
1.93233
1.94998
1.96909
1.98973
2.01195
2.03578
2.06126
2.08842
2.11727
2.14783
2.18009
2.21406
2.24971
2.28702
2.32596
2.36649
2.40855
2.45209
2.49702
2.54327
2.59074
2.63932
2.68891
2.73937
2.79058
2.8424
2.89467
2.94726
3
0
0.0292252
0.0584782
0.0877868
0.117179
0.146682
0.176324
0.206133
0.236136
0.26636
0.296833
0.327582
0.358633
0.390013
0.421748
0.453863
0.486382
0.519331
0.552731
0.586605
0.620972
0.655851
0.691257
0.727206
0.763705
0.800764
0.838382
0.876558
0.915281
0.954534
0.994291
1.03451
1.07515
1.11614
1.15741
1.19884
1.24032
1.28169
1.32277
1.36331
1.40332
1.44233
1.48112
1.51735
1.55179
1.58405
1.61429
1.64267
1.66931
1.69429
1.71766
1.73946
1.7597
1.77837
1.79543
1.81081
1.82439
1.83607
1.84627
1.85428
1.86246
1.87011
1.87773
1.88536
1.89329
1.90177
1.91099
1.92114
1.93234
1.94471
1.95837
1.97339
1.98985
2.0078
2.02731
2.04841
2.07114
2.09552
2.12158
2.14931
2.17873
2.20982
2.24258
2.27699
2.31301
2.35061
2.38973
2.43034
2.47235
2.5157
2.5603
2.60605
2.65287
2.70063
2.74923
2.79852
2.84838
2.89868
2.94927
3
0
0.0298985
0.0598264
0.0898131
0.119888
0.15008
0.18042
0.210935
0.241656
0.272612
0.303832
0.335345
0.36718
0.399365
0.431929
0.4649
0.498305
0.532171
0.566524
0.601389
0.63679
0.672749
0.709286
0.746419
0.784163
0.822528
0.861523
0.901149
0.941402
0.982269
1.02373
1.06575
1.10829
1.15128
1.19464
1.23827
1.28205
1.32582
1.36933
1.41204
1.45468
1.4949
1.53351
1.5701
1.60477
1.63744
1.66817
1.69705
1.72414
1.74953
1.77326
1.79536
1.81583
1.83469
1.8519
1.86743
1.88124
1.89332
1.90377
1.91257
1.92015
1.92576
1.93178
1.93753
1.94361
1.95031
1.95785
1.9664
1.97608
1.98703
1.99931
2.01303
2.02823
2.04498
2.06331
2.08327
2.10487
2.12813
2.15307
2.17968
2.20796
2.2379
2.26948
2.30267
2.33743
2.37373
2.41151
2.45072
2.49128
2.53313
2.57617
2.62032
2.66548
2.71154
2.75838
2.80589
2.85394
2.9024
2.95113
3
0
0.0305433
0.0611176
0.0917538
0.122483
0.153336
0.184344
0.215538
0.246949
0.278608
0.310546
0.342795
0.375386
0.408349
0.441715
0.475515
0.509779
0.544538
0.57982
0.615654
0.652067
0.689087
0.726736
0.76504
0.804016
0.843682
0.884052
0.925133
0.966928
1.00943
1.05263
1.0965
1.141
1.18607
1.23163
1.27759
1.32382
1.37023
1.41673
1.46088
1.50346
1.54412
1.58293
1.61981
1.65477
1.68781
1.71894
1.74822
1.77571
1.80147
1.82552
1.8479
1.86862
1.88768
1.90508
1.92081
1.93485
1.94721
1.95796
1.96712
1.97482
1.98102
1.98612
1.98939
1.99332
1.99804
2.00373
2.01054
2.0186
2.02801
2.03886
2.0512
2.0651
2.08059
2.09772
2.1165
2.13695
2.15908
2.1829
2.2084
2.23555
2.26436
2.29478
2.32678
2.36033
2.39538
2.43188
2.46975
2.50894
2.54937
2.59095
2.63359
2.67719
2.72166
2.76688
2.81273
2.85909
2.90584
2.95286
3
0
0.031158
0.0623486
0.0936042
0.124957
0.156441
0.188087
0.219929
0.252
0.284332
0.316959
0.349913
0.383229
0.41694
0.451078
0.485678
0.520773
0.556395
0.592578
0.629354
0.666754
0.70481
0.743551
0.783005
0.823198
0.864153
0.90589
0.948424
0.991767
1.03592
1.08088
1.12664
1.17315
1.22039
1.26825
1.31664
1.36544
1.41457
1.4615
1.5063
1.54921
1.5902
1.62929
1.66647
1.70173
1.73509
1.76657
1.79621
1.82405
1.85013
1.87448
1.89712
1.91808
1.93736
1.95497
1.9709
1.98516
1.99776
2.00875
2.01815
2.02602
2.03239
2.03732
2.04062
2.04226
2.04483
2.0485
2.05345
2.05978
2.06759
2.07692
2.08784
2.10038
2.11459
2.13048
2.14807
2.16737
2.18837
2.21108
2.23546
2.26152
2.28921
2.3185
2.34937
2.38175
2.41561
2.45087
2.48748
2.52537
2.56446
2.60467
2.6459
2.68805
2.73104
2.77474
2.81905
2.86386
2.90903
2.95445
3
0
0.0317411
0.0635163
0.0953596
0.127305
0.159387
0.19164
0.224098
0.256796
0.289769
0.323052
0.35668
0.390689
0.425114
0.459993
0.49536
0.531252
0.567706
0.604758
0.642445
0.680802
0.719865
0.75967
0.80025
0.841637
0.883861
0.92695
0.970929
1.01582
1.06162
1.10836
1.15603
1.20462
1.25409
1.30438
1.35531
1.40676
1.45614
1.50342
1.54865
1.59191
1.63322
1.6726
1.71007
1.74562
1.77929
1.81108
1.84103
1.86918
1.89555
1.92017
1.94306
1.96425
1.98374
2.00155
2.01768
2.03214
2.04496
2.05615
2.06574
2.07376
2.08024
2.08518
2.08853
2.09029
2.09056
2.09201
2.09499
2.09952
2.10566
2.11342
2.12287
2.13403
2.14693
2.16157
2.17796
2.1961
2.21598
2.23758
2.26088
2.28586
2.31247
2.34068
2.37044
2.40171
2.43443
2.46853
2.50395
2.54062
2.57845
2.61737
2.65728
2.69809
2.7397
2.782
2.82489
2.86825
2.91197
2.95592
3
0
0.0322911
0.0646177
0.0970154
0.12952
0.162167
0.194993
0.228033
0.261324
0.294904
0.328808
0.363075
0.397742
0.432847
0.46843
0.504529
0.541183
0.578433
0.616319
0.654881
0.69416
0.734197
0.775032
0.816706
0.859258
0.902724
0.947143
0.992546
1.03896
1.08642
1.13494
1.18454
1.23522
1.28701
1.33988
1.3935
1.44517
1.49482
1.54242
1.58799
1.63157
1.67318
1.71286
1.7506
1.78644
1.82038
1.85246
1.88269
1.91111
1.93774
1.96261
1.98574
2.00714
2.02684
2.04484
2.06116
2.07581
2.08881
2.10017
2.10992
2.11807
2.12465
2.12964
2.13305
2.13486
2.13512
2.13403
2.135
2.1377
2.14211
2.14827
2.15622
2.16597
2.17753
2.19092
2.20612
2.22311
2.24188
2.26241
2.28465
2.30858
2.33415
2.36131
2.39003
2.42023
2.45187
2.48488
2.51918
2.5547
2.59137
2.62909
2.66778
2.70734
2.74768
2.78869
2.83026
2.87229
2.91467
2.95728
3
0
0.0328064
0.0656497
0.0985671
0.131596
0.164773
0.198136
0.231723
0.265572
0.299722
0.334211
0.36908
0.404367
0.440115
0.476363
0.513155
0.550532
0.588539
0.627219
0.666616
0.706777
0.747748
0.789575
0.832304
0.875983
0.920657
0.966371
1.01317
1.06109
1.11018
1.16046
1.21197
1.26475
1.31888
1.37466
1.42864
1.48064
1.53058
1.57849
1.62436
1.66823
1.71012
1.75006
1.78807
1.82417
1.85837
1.89071
1.92119
1.94986
1.97673
2.00182
2.02516
2.04677
2.06666
2.08484
2.10134
2.11616
2.12932
2.14083
2.15072
2.159
2.16567
2.17073
2.17418
2.17599
2.17606
2.17402
2.1733
2.17417
2.17683
2.18136
2.18778
2.19611
2.20635
2.21848
2.2325
2.24836
2.26605
2.28553
2.30675
2.32967
2.35424
2.38042
2.40814
2.43734
2.46796
2.49994
2.5332
2.56765
2.60323
2.63985
2.67741
2.71582
2.75499
2.79481
2.83518
2.87599
2.91714
2.95851
3
0
0.0332856
0.0666096
0.10001
0.133527
0.167197
0.201061
0.235157
0.269526
0.304208
0.339244
0.374675
0.410543
0.446893
0.483766
0.521209
0.559267
0.597986
0.637416
0.677605
0.718602
0.760461
0.803233
0.846972
0.891732
0.937569
0.984537
1.03269
1.08208
1.13276
1.18477
1.23816
1.29295
1.34913
1.40625
1.46081
1.51317
1.56342
1.6116
1.65775
1.70189
1.74404
1.78423
1.82248
1.85882
1.89326
1.92583
1.95654
1.98543
2.01252
2.03782
2.06135
2.08315
2.10321
2.12156
2.13822
2.15319
2.1665
2.17815
2.18816
2.19655
2.20332
2.20846
2.21199
2.21389
2.21412
2.21272
2.21002
2.20889
2.20972
2.21257
2.21745
2.22436
2.23328
2.24419
2.25704
2.27181
2.28845
2.30692
2.32716
2.34912
2.37275
2.39799
2.42477
2.45304
2.48272
2.51374
2.54602
2.57949
2.61407
2.64967
2.68619
2.72355
2.76165
2.80038
2.83965
2.87936
2.91939
2.95964
3
0
0.0337274
0.0674945
0.101341
0.135307
0.169433
0.203759
0.238326
0.273175
0.308349
0.343891
0.379843
0.41625
0.453158
0.490612
0.528661
0.567353
0.606739
0.64687
0.6878
0.729584
0.772278
0.815942
0.860637
0.906425
0.95337
1.00154
1.051
1.10181
1.15404
1.20774
1.26297
1.31979
1.37846
1.43542
1.49021
1.54284
1.59335
1.64179
1.68818
1.73256
1.77494
1.81536
1.85384
1.8904
1.92505
1.95783
1.98875
2.01784
2.04512
2.0706
2.09432
2.11628
2.1365
2.15501
2.17181
2.18692
2.20036
2.21213
2.22226
2.23075
2.23761
2.24285
2.24646
2.24846
2.24886
2.24772
2.24522
2.24168
2.24061
2.24177
2.24512
2.25063
2.25825
2.26796
2.27969
2.29341
2.30905
2.32656
2.34587
2.36693
2.38967
2.41403
2.43994
2.46734
2.49614
2.52628
2.55767
2.59024
2.6239
2.65857
2.69415
2.73055
2.76767
2.80542
2.8437
2.8824
2.92142
2.96066
3
0
0.0341304
0.0683018
0.102555
0.136932
0.171473
0.206221
0.241218
0.276507
0.312131
0.348136
0.384565
0.421467
0.458888
0.496876
0.535483
0.574761
0.614762
0.655542
0.697158
0.739672
0.783144
0.827641
0.873229
0.919981
0.967969
1.01727
1.06797
1.12014
1.17386
1.2292
1.2862
1.34481
1.40454
1.46178
1.51679
1.56964
1.62038
1.66904
1.71566
1.76025
1.80284
1.84347
1.88215
1.9189
1.95375
1.98671
2.01782
2.04709
2.07454
2.10019
2.12406
2.14618
2.16655
2.18519
2.20212
2.21736
2.23091
2.24279
2.25302
2.2616
2.26855
2.27387
2.27757
2.27967
2.28017
2.27911
2.27648
2.27201
2.26929
2.26882
2.27066
2.27479
2.28117
2.28972
2.30039
2.3131
2.3278
2.3444
2.36285
2.38307
2.40499
2.42854
2.45365
2.48024
2.50824
2.53758
2.56816
2.59991
2.63274
2.66656
2.70129
2.73683
2.77308
2.80995
2.84733
2.88513
2.92325
2.96157
3
0
0.0344934
0.0690289
0.103649
0.138395
0.173311
0.20844
0.243825
0.27951
0.315542
0.351965
0.388827
0.426176
0.464062
0.502535
0.541649
0.581459
0.62202
0.663392
0.705637
0.748819
0.793005
0.838266
0.884678
0.93232
0.981276
1.03163
1.08349
1.13694
1.19209
1.24903
1.30785
1.36875
1.42811
1.48541
1.54056
1.59359
1.64452
1.69337
1.74018
1.78496
1.82775
1.86855
1.90741
1.94434
1.97936
2.01249
2.04376
2.07319
2.10079
2.12659
2.1506
2.17285
2.19335
2.21211
2.22916
2.2445
2.25816
2.27014
2.28046
2.28912
2.29615
2.30154
2.30532
2.30749
2.30808
2.3071
2.30459
2.30062
2.29574
2.29357
2.29393
2.29674
2.30192
2.30939
2.31906
2.33084
2.34466
2.36043
2.37808
2.39752
2.41869
2.4415
2.46588
2.49175
2.51903
2.54764
2.57749
2.6085
2.64059
2.67366
2.70763
2.7424
2.77787
2.81395
2.85055
2.88755
2.92486
2.96238
3
0
0.0348153
0.0696737
0.104619
0.139693
0.174942
0.210408
0.246137
0.282175
0.318568
0.355364
0.392611
0.430359
0.46866
0.507566
0.547134
0.58742
0.628483
0.670387
0.713196
0.756979
0.801808
0.84776
0.894917
0.943366
0.9932
1.04452
1.09744
1.15207
1.20856
1.267
1.32743
1.38925
1.44879
1.50619
1.56148
1.61467
1.66576
1.71478
1.76175
1.8067
1.84965
1.89062
1.92963
1.96671
2.00188
2.03516
2.06657
2.09613
2.12387
2.1498
2.17393
2.1963
2.21691
2.23578
2.25293
2.26837
2.28212
2.29418
2.30457
2.31331
2.3204
2.32586
2.3297
2.33193
2.33257
2.33165
2.32918
2.32518
2.31949
2.31583
2.31478
2.31634
2.32041
2.32688
2.33563
2.34656
2.35958
2.3746
2.39152
2.41027
2.43076
2.45291
2.47664
2.50186
2.5285
2.55646
2.58567
2.61603
2.64747
2.67988
2.71318
2.74727
2.78206
2.81746
2.85336
2.88966
2.92627
2.96308
3
0
0.0350949
0.070234
0.105461
0.140821
0.176359
0.212119
0.248148
0.284493
0.321201
0.358322
0.395904
0.434001
0.472664
0.511949
0.551914
0.592617
0.634122
0.676492
0.719798
0.76411
0.809507
0.856069
0.903885
0.953047
1.00366
1.05583
1.10969
1.16538
1.22308
1.28302
1.34564
1.40707
1.46662
1.52412
1.57954
1.63286
1.6841
1.73327
1.78038
1.82548
1.86856
1.90967
1.94882
1.98603
2.02133
2.05473
2.08626
2.11594
2.14379
2.16983
2.19407
2.21653
2.23724
2.2562
2.27344
2.28896
2.30278
2.31492
2.32538
2.33417
2.34132
2.34683
2.35071
2.35298
2.35366
2.35277
2.35034
2.34644
2.34125
2.33549
2.33303
2.33345
2.33653
2.34211
2.35004
2.36022
2.37253
2.38687
2.40316
2.42129
2.44119
2.46276
2.48592
2.51058
2.53665
2.56406
2.5927
2.6225
2.65337
2.68521
2.71794
2.75145
2.78566
2.82046
2.85577
2.89147
2.92748
2.96369
3
0
0.0353315
0.0707079
0.106174
0.141776
0.177558
0.213567
0.24985
0.286455
0.323431
0.360827
0.398694
0.437087
0.476058
0.515666
0.555969
0.597029
0.638909
0.681679
0.725409
0.770176
0.816059
0.863144
0.911525
0.9613
1.01258
1.06548
1.12014
1.17671
1.23538
1.29639
1.36006
1.4218
1.48152
1.53917
1.59472
1.64817
1.69953
1.74883
1.79607
1.84128
1.88449
1.92571
1.96497
2.00229
2.03769
2.0712
2.10283
2.13261
2.16056
2.18668
2.21101
2.23356
2.25435
2.27338
2.29069
2.30628
2.32016
2.33236
2.34287
2.35172
2.35891
2.36445
2.36837
2.37066
2.37134
2.37044
2.36798
2.36402
2.35862
2.35188
2.34842
2.34793
2.35018
2.355
2.36223
2.37176
2.38346
2.39723
2.41297
2.43058
2.44996
2.47104
2.49371
2.51789
2.54349
2.57042
2.59859
2.62792
2.65831
2.68967
2.72192
2.75494
2.78866
2.82297
2.85778
2.89298
2.92849
2.96419
3
0
0.0355242
0.0710939
0.106755
0.142553
0.178535
0.214747
0.251237
0.288054
0.325248
0.362869
0.40097
0.439605
0.478829
0.518701
0.559282
0.600634
0.642824
0.685922
0.730002
0.775143
0.821427
0.868945
0.917791
0.968071
1.0199
1.07339
1.1287
1.18596
1.24537
1.30712
1.37145
1.43356
1.49352
1.55133
1.60702
1.6606
1.71207
1.76147
1.80881
1.85412
1.89742
1.93874
1.97809
2.0155
2.05099
2.08458
2.11629
2.14615
2.17417
2.20037
2.22476
2.24738
2.26823
2.28733
2.30469
2.32033
2.33426
2.3465
2.35706
2.36594
2.37317
2.37874
2.38267
2.38497
2.38564
2.38471
2.38217
2.37805
2.37234
2.36502
2.36087
2.35969
2.36129
2.36549
2.37215
2.38114
2.39234
2.40564
2.42092
2.4381
2.45707
2.47773
2.50001
2.52379
2.54901
2.57555
2.60334
2.63229
2.66229
2.69327
2.72512
2.75775
2.79107
2.82499
2.85939
2.8942
2.9293
2.9646
3
0
0.0356723
0.0713906
0.107201
0.143151
0.179286
0.215654
0.252304
0.289285
0.326647
0.364442
0.402723
0.441544
0.480964
0.521041
0.561837
0.603416
0.645846
0.6892
0.733552
0.778984
0.825581
0.873435
0.922645
0.973317
1.02557
1.07952
1.13531
1.1931
1.25303
1.3153
1.38007
1.4425
1.50268
1.56066
1.61647
1.67015
1.72171
1.77119
1.81861
1.864
1.90737
1.94876
1.98818
2.02565
2.06121
2.09486
2.12664
2.15655
2.18463
2.21088
2.23533
2.258
2.27889
2.29803
2.31544
2.33112
2.34509
2.35736
2.36795
2.37686
2.38411
2.38969
2.39363
2.39592
2.39658
2.39559
2.39297
2.38869
2.38272
2.37499
2.37037
2.3687
2.36981
2.37354
2.37976
2.38834
2.39915
2.41207
2.427
2.44384
2.46249
2.48284
2.5048
2.52829
2.5532
2.57945
2.60695
2.6356
2.66531
2.69599
2.72754
2.75988
2.7929
2.82651
2.86062
2.89512
2.92991
2.96491
3
0
0.0357753
0.071597
0.107512
0.143566
0.179808
0.216286
0.253047
0.290142
0.327621
0.365538
0.403945
0.442898
0.482455
0.522675
0.563622
0.605361
0.647961
0.691495
0.73604
0.781678
0.828497
0.87659
0.926057
0.977007
1.02956
1.08383
1.13996
1.1981
1.25839
1.321
1.38607
1.44873
1.50907
1.56717
1.62308
1.67683
1.72847
1.77801
1.82548
1.87092
1.91434
1.95577
1.99524
2.03276
2.06836
2.10206
2.13387
2.16383
2.19194
2.21823
2.24271
2.26541
2.28634
2.30551
2.32294
2.33865
2.35265
2.36494
2.37555
2.38447
2.39173
2.39733
2.40127
2.40355
2.40418
2.40315
2.40044
2.39604
2.38988
2.38189
2.37696
2.37495
2.37572
2.37913
2.38504
2.39332
2.40385
2.41652
2.4312
2.4478
2.46621
2.48635
2.50809
2.53137
2.55608
2.58212
2.60941
2.63786
2.66737
2.69785
2.7292
2.76133
2.79415
2.82755
2.86145
2.89574
2.93033
2.96512
3
0
0.0358328
0.0717124
0.107685
0.143799
0.180101
0.216639
0.253463
0.290622
0.328168
0.366153
0.404631
0.443659
0.483293
0.523596
0.56463
0.606461
0.649158
0.692796
0.737453
0.783211
0.830158
0.87839
0.928007
0.979119
1.03184
1.0863
1.14263
1.20097
1.26147
1.32426
1.3895
1.45229
1.51273
1.57091
1.62688
1.68067
1.73234
1.78191
1.82942
1.87488
1.91833
1.95979
1.99928
2.03682
2.07244
2.10616
2.138
2.16797
2.19611
2.22241
2.24692
2.26963
2.29057
2.30976
2.32721
2.34292
2.35693
2.36923
2.37985
2.38878
2.39605
2.40164
2.40558
2.40786
2.40847
2.40741
2.40465
2.40016
2.39389
2.38575
2.38064
2.37844
2.37902
2.38224
2.38797
2.39608
2.40645
2.41896
2.4335
2.44996
2.46824
2.48825
2.50988
2.53303
2.55762
2.58356
2.61074
2.63907
2.66847
2.69884
2.73008
2.7621
2.79481
2.8281
2.86189
2.89607
2.93055
2.96523
3
0
0.0358447
0.0717361
0.107721
0.143847
0.180162
0.216713
0.25355
0.290723
0.328284
0.366284
0.404779
0.443824
0.483477
0.523799
0.564854
0.606708
0.649431
0.693096
0.737782
0.783571
0.830554
0.878824
0.928483
0.979641
1.03241
1.08693
1.14331
1.20171
1.26227
1.32511
1.39039
1.45322
1.51369
1.57189
1.62786
1.68167
1.73334
1.78292
1.83043
1.87589
1.91934
1.9608
2.00029
2.03784
2.07346
2.10718
2.13902
2.16899
2.19713
2.22343
2.24794
2.27065
2.29159
2.31078
2.32822
2.34394
2.35795
2.37025
2.38086
2.3898
2.39706
2.40265
2.40659
2.40886
2.40946
2.40839
2.40561
2.4011
2.39479
2.3866
2.38144
2.37919
2.37971
2.38287
2.38854
2.3966
2.40692
2.41939
2.43389
2.45032
2.46857
2.48854
2.51015
2.53328
2.55784
2.58375
2.61092
2.63923
2.66861
2.69896
2.73019
2.7622
2.79489
2.82817
2.86194
2.89611
2.93058
2.96524
3
0
0.0358108
0.0716683
0.107619
0.143711
0.17999
0.216507
0.253308
0.290445
0.327968
0.365931
0.404387
0.443392
0.483004
0.523284
0.564294
0.606102
0.648776
0.692391
0.737024
0.782758
0.829681
0.877888
0.927481
0.978568
1.03127
1.0857
1.14201
1.20032
1.26079
1.32356
1.38877
1.45154
1.51196
1.57011
1.62605
1.67982
1.73147
1.78102
1.8285
1.87395
1.91737
1.95881
1.99828
2.03581
2.07141
2.10511
2.13693
2.16689
2.195
2.22129
2.24578
2.26847
2.2894
2.30857
2.326
2.3417
2.35569
2.36798
2.37858
2.38751
2.39476
2.40035
2.40428
2.40655
2.40716
2.4061
2.40334
2.39886
2.39259
2.38446
2.37936
2.37718
2.37777
2.381
2.38675
2.39488
2.40527
2.41781
2.43238
2.44887
2.46719
2.48723
2.5089
2.5321
2.55673
2.58272
2.60995
2.63834
2.66779
2.69822
2.72953
2.76161
2.79439
2.82775
2.86161
2.89586
2.93041
2.96515
3
0
0.0357312
0.0715088
0.107379
0.14339
0.179588
0.216021
0.252737
0.289788
0.327223
0.365094
0.403456
0.442364
0.481875
0.52205
0.562951
0.604644
0.647198
0.690685
0.735182
0.780773
0.827543
0.875588
0.925006
0.975906
1.02841
1.08263
1.13871
1.1968
1.25704
1.3196
1.38461
1.44722
1.50752
1.56557
1.62143
1.67513
1.72672
1.77622
1.82365
1.86904
1.91243
1.95382
1.99325
2.03073
2.06629
2.09996
2.13173
2.16165
2.18973
2.21599
2.24044
2.2631
2.28399
2.30313
2.32053
2.33621
2.35017
2.36244
2.37301
2.38192
2.38916
2.39474
2.39866
2.40094
2.40156
2.40053
2.39783
2.39343
2.38728
2.3793
2.37439
2.37241
2.37321
2.37665
2.3826
2.39092
2.4015
2.41421
2.42895
2.44562
2.4641
2.4843
2.50613
2.5295
2.55429
2.58044
2.60783
2.63639
2.66601
2.69661
2.72809
2.76035
2.7933
2.82684
2.86087
2.89531
2.93004
2.96497
3
0
0.0356062
0.0712584
0.107003
0.142886
0.178955
0.215257
0.25184
0.288754
0.326049
0.363777
0.40199
0.440744
0.480096
0.520104
0.560831
0.60234
0.644701
0.687984
0.732266
0.777626
0.824151
0.871932
0.921069
0.971667
1.02384
1.07772
1.13344
1.19114
1.251
1.31319
1.37789
1.44024
1.50035
1.55825
1.61399
1.66759
1.71909
1.7685
1.81586
1.86118
1.9045
1.94583
1.98519
2.02261
2.05811
2.09171
2.12343
2.15329
2.18132
2.20752
2.23191
2.25453
2.27537
2.29446
2.31182
2.32745
2.34137
2.3536
2.36415
2.37303
2.38024
2.3858
2.38972
2.392
2.39265
2.39166
2.38904
2.38477
2.37881
2.37111
2.36652
2.36488
2.36603
2.36981
2.37609
2.38473
2.39561
2.40861
2.42363
2.44056
2.45931
2.47977
2.50185
2.52547
2.55052
2.57692
2.60457
2.63339
2.66327
2.69413
2.72587
2.7584
2.79162
2.82544
2.85975
2.89446
2.92948
2.96469
3
0
0.0354361
0.0709176
0.10649
0.1422
0.178093
0.214217
0.250619
0.287347
0.324451
0.361983
0.399994
0.438538
0.477671
0.517452
0.557941
0.599201
0.641298
0.684302
0.728288
0.773333
0.819521
0.866942
0.915691
0.965872
1.0176
1.07099
1.12619
1.18336
1.24266
1.30431
1.36854
1.43055
1.4904
1.54812
1.60371
1.65719
1.70857
1.75788
1.80514
1.85036
1.89359
1.93482
1.9741
2.01144
2.04685
2.08037
2.11202
2.1418
2.16975
2.19588
2.22021
2.24275
2.26353
2.28256
2.29986
2.31543
2.3293
2.34148
2.35199
2.36082
2.36801
2.37354
2.37745
2.37972
2.38039
2.37945
2.37692
2.37281
2.36713
2.35983
2.35572
2.35459
2.35624
2.36051
2.36724
2.37631
2.38761
2.40101
2.41641
2.43371
2.45281
2.47363
2.49606
2.52002
2.54542
2.57216
2.60016
2.62932
2.65956
2.69077
2.72288
2.75577
2.78936
2.82355
2.85823
2.89332
2.92871
2.96431
3
0
0.0352214
0.0704877
0.105844
0.141335
0.177007
0.212905
0.249077
0.285571
0.322435
0.359719
0.397474
0.435754
0.474612
0.514106
0.554294
0.595238
0.637003
0.679655
0.723268
0.767915
0.813678
0.860643
0.908901
0.958552
1.00971
1.06248
1.11701
1.17346
1.232
1.29288
1.35642
1.41803
1.47762
1.53514
1.59057
1.64391
1.69515
1.74433
1.79147
1.83658
1.87969
1.92081
1.95998
1.99721
2.03253
2.06595
2.09749
2.12718
2.15504
2.18107
2.20531
2.22777
2.24847
2.26742
2.28464
2.30015
2.31395
2.32607
2.33652
2.3453
2.35244
2.35794
2.36182
2.36409
2.36476
2.36386
2.36141
2.35746
2.35208
2.34538
2.34197
2.34154
2.34386
2.34875
2.35608
2.3657
2.37752
2.39142
2.4073
2.42507
2.44462
2.46588
2.48875
2.51315
2.53898
2.56616
2.59459
2.6242
2.65488
2.68654
2.7191
2.75245
2.7865
2.82116
2.85632
2.89188
2.92775
2.96383
3
0
0.0349629
0.0699699
0.105065
0.140293
0.175698
0.211325
0.247222
0.283433
0.320007
0.356994
0.394441
0.432402
0.47093
0.510078
0.549905
0.59047
0.631835
0.674066
0.717229
0.761399
0.806652
0.853069
0.900738
0.949752
1.00021
1.05224
1.10594
1.16148
1.21902
1.27881
1.34127
1.40254
1.46194
1.51929
1.57456
1.62773
1.67883
1.72786
1.77486
1.81982
1.8628
1.90379
1.94283
1.97993
2.01512
2.04842
2.07985
2.10943
2.13717
2.1631
2.18723
2.20959
2.23019
2.24905
2.26618
2.2816
2.29532
2.30736
2.31774
2.32646
2.33354
2.339
2.34284
2.34508
2.34574
2.34484
2.34242
2.33854
2.33339
2.32767
2.32527
2.32576
2.32892
2.33459
2.34263
2.35293
2.36537
2.37987
2.39633
2.41465
2.43475
2.45654
2.47994
2.50486
2.53121
2.55891
2.58787
2.618
2.64922
2.68143
2.71453
2.74844
2.78305
2.81827
2.854
2.89014
2.92659
2.96324
3
0
0.0346614
0.0693658
0.104157
0.139077
0.174171
0.209483
0.245057
0.280939
0.317177
0.353816
0.390905
0.428496
0.466638
0.505385
0.544793
0.584917
0.625818
0.667558
0.710202
0.753819
0.79848
0.844263
0.891249
0.939525
0.989184
1.04033
1.09307
1.14752
1.20382
1.26209
1.32233
1.38397
1.44332
1.50055
1.55566
1.60867
1.6596
1.70847
1.75529
1.8001
1.84291
1.88375
1.92264
1.9596
1.99464
2.0278
2.05909
2.08853
2.11614
2.14195
2.16596
2.1882
2.20868
2.22743
2.24445
2.25977
2.2734
2.28535
2.29564
2.30429
2.3113
2.31669
2.32048
2.32268
2.3233
2.32237
2.31992
2.31594
2.31029
2.30667
2.30569
2.30733
2.3115
2.31807
2.32694
2.33802
2.35119
2.36639
2.38351
2.40247
2.4232
2.44561
2.46962
2.49514
2.5221
2.55041
2.57999
2.61074
2.64258
2.67542
2.70917
2.74372
2.77899
2.81488
2.85128
2.8881
2.92522
2.96256
3
0
0.0343176
0.0686773
0.103121
0.137692
0.172431
0.207383
0.242591
0.278099
0.313952
0.350197
0.386879
0.424048
0.461753
0.500045
0.538976
0.578602
0.618978
0.660163
0.70222
0.745211
0.789206
0.834274
0.880491
0.927935
0.976691
1.02685
1.0785
1.13174
1.18668
1.24341
1.30202
1.36271
1.42186
1.47894
1.53389
1.58672
1.63746
1.68614
1.73277
1.7774
1.82003
1.86069
1.89941
1.9362
1.97108
2.00408
2.03521
2.0645
2.09196
2.11761
2.14148
2.16359
2.18394
2.20256
2.21946
2.23466
2.24818
2.26003
2.27022
2.27878
2.28571
2.29102
2.29474
2.29688
2.29744
2.29646
2.29396
2.29002
2.28518
2.28307
2.2835
2.2864
2.29169
2.29927
2.30908
2.32102
2.33502
2.35099
2.36886
2.38855
2.40999
2.4331
2.4578
2.48401
2.51166
2.54066
2.57094
2.6024
2.63496
2.66852
2.703
2.7383
2.77433
2.81097
2.84815
2.88574
2.92365
2.96177
3
0
0.0339328
0.0679066
0.101962
0.136141
0.170484
0.205033
0.239831
0.27492
0.310345
0.346149
0.382377
0.419076
0.456294
0.494078
0.53248
0.57155
0.611343
0.651913
0.693319
0.735619
0.778876
0.823155
0.868524
0.915053
0.962817
1.01189
1.06236
1.1143
1.16778
1.22288
1.27964
1.33801
1.39749
1.45449
1.50927
1.56189
1.61241
1.66087
1.70729
1.75171
1.79414
1.83461
1.87314
1.90974
1.94444
1.97725
2.00821
2.03732
2.06461
2.0901
2.11381
2.13576
2.15596
2.17443
2.1912
2.20627
2.21966
2.23138
2.24147
2.24992
2.25675
2.26198
2.26562
2.26767
2.26815
2.26709
2.26447
2.26003
2.25736
2.25695
2.25888
2.26311
2.26959
2.27828
2.2891
2.302
2.31689
2.33372
2.35241
2.3729
2.39512
2.419
2.44447
2.47146
2.49988
2.52966
2.56071
2.59297
2.62633
2.66071
2.69602
2.73216
2.76904
2.80655
2.8446
2.88307
2.92187
2.96088
3
0
0.0335081
0.0670558
0.100683
0.134429
0.168335
0.20244
0.236786
0.271414
0.306367
0.341685
0.377414
0.413596
0.450279
0.487507
0.525328
0.563791
0.602945
0.642844
0.68354
0.725087
0.767543
0.810966
0.855417
0.900958
0.947654
0.995569
1.04477
1.09532
1.14729
1.20072
1.25568
1.31223
1.37062
1.4273
1.48182
1.53419
1.58446
1.63267
1.67885
1.72304
1.76525
1.80551
1.84382
1.88021
1.91471
1.94732
1.97807
2.00699
2.03409
2.05939
2.08292
2.1047
2.12473
2.14305
2.15966
2.17458
2.18783
2.19942
2.20937
2.2177
2.22443
2.22956
2.2331
2.23506
2.23544
2.2343
2.23181
2.22831
2.2273
2.22853
2.23197
2.23758
2.24533
2.25518
2.26708
2.28099
2.29684
2.31459
2.33418
2.35554
2.37861
2.40334
2.42965
2.45748
2.48674
2.51738
2.54931
2.58244
2.61669
2.65198
2.68822
2.7253
2.76313
2.8016
2.84062
2.88008
2.91987
2.95988
3
0
0.0330446
0.0661276
0.0992872
0.132562
0.165991
0.199612
0.233466
0.267592
0.30203
0.336821
0.372006
0.407628
0.44373
0.480354
0.517547
0.555353
0.593819
0.632994
0.672925
0.713663
0.75526
0.797767
0.841239
0.885728
0.931291
0.977981
1.02585
1.07496
1.12534
1.17706
1.23014
1.28463
1.3405
1.3973
1.45156
1.50361
1.55358
1.60151
1.64743
1.69137
1.73335
1.77337
1.81145
1.84762
1.88188
1.91427
1.9448
1.9735
2.00039
2.02549
2.04883
2.07041
2.09026
2.1084
2.12484
2.13959
2.15268
2.16412
2.17393
2.18212
2.18873
2.19375
2.1972
2.19905
2.19927
2.19787
2.19521
2.19412
2.19501
2.19793
2.20291
2.20993
2.21898
2.23004
2.24307
2.25805
2.27492
2.29365
2.31419
2.33648
2.36047
2.38611
2.41333
2.44207
2.47226
2.50383
2.5367
2.5708
2.60603
2.64232
2.67957
2.71769
2.75657
2.79611
2.83621
2.87676
2.91765
2.95877
3
0
0.0325438
0.0651245
0.097779
0.130545
0.163458
0.196557
0.22988
0.263464
0.297348
0.331571
0.366172
0.401191
0.436669
0.472647
0.509166
0.546269
0.584
0.622402
0.66152
0.701399
0.742085
0.783623
0.826062
0.869446
0.913821
0.959233
1.00572
1.05333
1.1021
1.15205
1.20323
1.25567
1.30946
1.36488
1.41851
1.47015
1.51978
1.56739
1.61303
1.6567
1.69842
1.73819
1.77603
1.81195
1.84597
1.87811
1.9084
1.93686
1.96351
1.98839
2.0115
2.03288
2.05253
2.07048
2.08673
2.1013
2.11421
2.12548
2.13512
2.14317
2.14964
2.15455
2.15791
2.15968
2.15975
2.15774
2.15705
2.15798
2.1607
2.16531
2.17182
2.18027
2.19064
2.20294
2.21714
2.23323
2.25116
2.27092
2.29246
2.31573
2.3407
2.36731
2.3955
2.42522
2.4564
2.48898
2.52288
2.55802
2.59433
2.63171
2.67007
2.70932
2.74935
2.79007
2.83136
2.87311
2.91521
2.95755
3
0
0.0320069
0.0640493
0.0961626
0.128382
0.160745
0.193285
0.226039
0.259044
0.292336
0.325952
0.35993
0.394306
0.42912
0.46441
0.500214
0.536572
0.573524
0.61111
0.64937
0.688344
0.728074
0.768598
0.809958
0.852191
0.895335
0.939426
0.984496
1.03057
1.07769
1.12585
1.17508
1.2254
1.2768
1.32927
1.38248
1.43374
1.483
1.53027
1.57561
1.61901
1.66046
1.69998
1.73755
1.77321
1.80696
1.83883
1.86885
1.89704
1.92344
1.94807
1.97095
1.99211
2.01154
2.02928
2.04533
2.0597
2.07241
2.08348
2.09294
2.10081
2.10712
2.11193
2.11525
2.11705
2.11734
2.11629
2.11731
2.12007
2.12455
2.13079
2.13883
2.1487
2.16041
2.17396
2.18935
2.20657
2.2256
2.24643
2.269
2.29331
2.3193
2.34693
2.37616
2.40692
2.43917
2.47283
2.50783
2.5441
2.58156
2.62012
2.65969
2.70017
2.74146
2.78346
2.82604
2.86911
2.91254
2.95621
3
0
0.0314355
0.062905
0.0944424
0.126082
0.157857
0.189803
0.221954
0.254343
0.287007
0.31998
0.353298
0.386994
0.421107
0.45567
0.490721
0.526295
0.562429
0.599159
0.636521
0.674551
0.713285
0.752756
0.792999
0.834045
0.875923
0.918661
0.962282
1.0068
1.05224
1.0986
1.14587
1.19405
1.2431
1.29294
1.34341
1.39437
1.44325
1.49011
1.53515
1.57829
1.61948
1.65872
1.69602
1.73139
1.76485
1.79643
1.82615
1.85405
1.88017
1.90453
1.92716
1.94807
1.96728
1.9848
2.00063
2.01479
2.02728
2.03813
2.04737
2.05503
2.06115
2.06582
2.06914
2.07096
2.07129
2.07281
2.07585
2.08045
2.08665
2.0945
2.10404
2.11532
2.12835
2.14316
2.15975
2.17813
2.19828
2.22019
2.24385
2.26922
2.29628
2.32498
2.35529
2.38716
2.42053
2.45534
2.49152
2.529
2.5677
2.60753
2.6484
2.69022
2.73287
2.77626
2.82026
2.86475
2.90962
2.95475
3
0
0.0308311
0.0616945
0.0926228
0.123648
0.154804
0.186122
0.217635
0.249376
0.281377
0.313673
0.346295
0.379278
0.412653
0.446455
0.480717
0.515472
0.550752
0.586591
0.62302
0.660071
0.697775
0.736161
0.775255
0.815084
0.855671
0.897034
0.939188
0.982142
1.0259
1.07045
1.11579
1.16187
1.20864
1.25602
1.30388
1.35208
1.40055
1.44681
1.49162
1.53455
1.57547
1.61444
1.65145
1.68652
1.71966
1.75091
1.7803
1.80788
1.83368
1.85775
1.8801
1.90077
1.91974
1.93703
1.95264
1.96656
1.97881
1.98942
1.99841
2.00582
2.01166
2.01607
2.01954
2.02138
2.02408
2.02784
2.03285
2.03925
2.04712
2.05653
2.06754
2.0802
2.09454
2.1106
2.12839
2.14792
2.1692
2.19223
2.21699
2.24346
2.27162
2.30144
2.33288
2.36591
2.40046
2.43649
2.47392
2.51269
2.55271
2.59391
2.63618
2.67944
2.72356
2.76845
2.81397
2.86002
2.90646
2.95316
3
0
0.030195
0.0604209
0.0907086
0.121089
0.151593
0.182251
0.213094
0.244154
0.275461
0.307047
0.338942
0.371178
0.403784
0.436792
0.470233
0.504136
0.538531
0.573447
0.608913
0.644955
0.681601
0.718873
0.756795
0.795386
0.834662
0.874635
0.915314
0.956698
0.998782
1.04155
1.08497
1.12901
1.17359
1.21864
1.26401
1.30957
1.35507
1.39997
1.44502
1.48782
1.52845
1.56714
1.60385
1.6386
1.6714
1.70227
1.73129
1.7585
1.78396
1.80771
1.82977
1.85017
1.86891
1.88598
1.90135
1.91503
1.92702
1.93735
1.94605
1.95321
1.95863
1.96228
1.96662
1.97094
1.97585
1.98163
1.9885
1.99661
2.00608
2.01699
2.02941
2.04341
2.05903
2.07632
2.0953
2.11599
2.13841
2.16255
2.18843
2.21602
2.24531
2.27629
2.30891
2.34314
2.37893
2.41624
2.45499
2.49513
2.53656
2.57922
2.62299
2.66779
2.71349
2.76
2.80717
2.8549
2.90303
2.95145
3
0
0.029529
0.0590873
0.0887042
0.118409
0.148231
0.178199
0.208343
0.238692
0.269275
0.30012
0.331258
0.362716
0.394524
0.426708
0.459298
0.492321
0.525802
0.559768
0.594244
0.629252
0.664816
0.700954
0.737684
0.77502
0.812974
0.851552
0.890754
0.930575
0.971002
1.01201
1.05357
1.09563
1.13811
1.18094
1.224
1.26714
1.3102
1.35301
1.39569
1.43829
1.47841
1.51685
1.55323
1.58766
1.62008
1.65053
1.6791
1.7059
1.73097
1.75437
1.77614
1.79627
1.81478
1.83163
1.8468
1.86022
1.8719
1.88194
1.89028
1.89734
1.90238
1.90784
1.91373
1.91996
1.92676
1.93435
1.94293
1.95264
1.96361
1.97595
1.98972
2.00502
2.02188
2.04037
2.06051
2.08235
2.10589
2.13116
2.15817
2.1869
2.21735
2.2495
2.28334
2.31882
2.35591
2.39455
2.4347
2.47628
2.51921
2.56341
2.60878
2.65523
2.70264
2.75088
2.79983
2.84936
2.89933
2.94959
3
0
0.0288345
0.0576968
0.0866145
0.115615
0.144727
0.173977
0.203393
0.233002
0.262832
0.29291
0.323262
0.353916
0.384897
0.416231
0.447943
0.480059
0.512602
0.545593
0.579056
0.61301
0.647472
0.682459
0.717983
0.754056
0.790681
0.827862
0.865594
0.903866
0.94266
0.981948
1.02169
1.06184
1.10232
1.14305
1.18392
1.22483
1.26562
1.30619
1.34646
1.38626
1.42507
1.46363
1.4996
1.53377
1.56574
1.59568
1.62374
1.65004
1.67468
1.69771
1.71915
1.73903
1.75733
1.77401
1.789
1.80219
1.81346
1.82324
1.8308
1.83854
1.84575
1.853
1.86052
1.86843
1.87689
1.88611
1.89624
1.90743
1.91981
1.93348
1.94855
1.96507
1.98313
2.00278
2.02406
2.04701
2.07168
2.09806
2.12619
2.15607
2.18769
2.22105
2.25613
2.29291
2.33134
2.37138
2.41298
2.45608
2.50059
2.54643
2.59351
2.64172
2.69094
2.74105
2.79192
2.84339
2.89534
2.94759
3
0
0.0281131
0.0562524
0.084444
0.112714
0.141089
0.169594
0.198255
0.227099
0.256149
0.285433
0.314974
0.344797
0.374927
0.405386
0.436197
0.467383
0.498965
0.530962
0.563393
0.596274
0.62962
0.663443
0.697753
0.732555
0.767852
0.803641
0.839914
0.876656
0.913845
0.95145
0.989429
1.02773
1.06629
1.10502
1.14384
1.18264
1.22129
1.2597
1.29773
1.33524
1.372
1.40801
1.44281
1.47709
1.50847
1.53772
1.56514
1.59088
1.61503
1.63765
1.65876
1.67839
1.69651
1.7131
1.72805
1.7411
1.75152
1.76177
1.77119
1.78027
1.78909
1.79791
1.80695
1.81635
1.82631
1.83697
1.84851
1.86105
1.87473
1.88966
1.90592
1.92362
1.94281
1.96357
1.98595
2.00999
2.03575
2.06324
2.09248
2.12351
2.15631
2.19089
2.22725
2.26534
2.30516
2.34666
2.38978
2.43447
2.48065
2.52823
2.57712
2.62721
2.67837
2.73048
2.78339
2.83696
2.89103
2.94543
3
0
0.0273663
0.0547573
0.0821975
0.109712
0.137324
0.165059
0.192941
0.220994
0.249241
0.277706
0.306412
0.335382
0.364637
0.394199
0.424088
0.454324
0.484926
0.515911
0.547293
0.579088
0.611306
0.643957
0.677046
0.710577
0.744549
0.778955
0.813783
0.849018
0.884633
0.920597
0.956867
0.993392
1.03011
1.06694
1.10381
1.14061
1.17724
1.2136
1.24956
1.28498
1.31972
1.35364
1.38654
1.41834
1.44836
1.47663
1.50326
1.52834
1.55194
1.57411
1.59488
1.61427
1.63226
1.64886
1.66401
1.67765
1.6898
1.70117
1.71192
1.72229
1.73246
1.74264
1.75302
1.76376
1.77503
1.78699
1.79979
1.81356
1.82843
1.84451
1.86189
1.88068
1.90094
1.92276
1.94619
1.97128
1.9981
2.02666
2.05702
2.08918
2.12317
2.15898
2.19662
2.23608
2.27732
2.32032
2.36503
2.41138
2.45931
2.50873
2.55953
2.61162
2.66486
2.71911
2.77422
2.83004
2.88639
2.9431
3
0
0.0265957
0.0532145
0.0798795
0.106614
0.13344
0.160382
0.187461
0.2147
0.242121
0.269746
0.297595
0.32569
0.35405
0.382695
0.411643
0.440912
0.470517
0.500474
0.530795
0.561493
0.592574
0.624047
0.655914
0.688176
0.720829
0.753863
0.787266
0.821018
0.855093
0.889458
0.924071
0.958882
0.993831
1.02885
1.06386
1.09877
1.13349
1.16792
1.20194
1.23543
1.26827
1.30031
1.33141
1.3614
1.39002
1.41719
1.44294
1.4673
1.49031
1.51201
1.53241
1.55156
1.56944
1.58609
1.6015
1.61572
1.62886
1.64123
1.65306
1.66453
1.67585
1.6872
1.69874
1.71066
1.72309
1.7362
1.75012
1.765
1.78094
1.79807
1.81648
1.83628
1.85754
1.88035
1.90477
1.93087
1.95871
1.98832
2.01976
2.05304
2.0882
2.12525
2.1642
2.20503
2.24774
2.29228
2.33863
2.38672
2.43649
2.48784
2.54068
2.59489
2.65033
2.70687
2.76434
2.82258
2.88139
2.9406
3
0
0.0258026
0.0516269
0.0774945
0.103427
0.129446
0.155572
0.181827
0.208231
0.234805
0.261568
0.288541
0.315742
0.343188
0.370899
0.398889
0.427174
0.455769
0.484686
0.513936
0.543527
0.573467
0.603759
0.634404
0.665401
0.696743
0.72842
0.760417
0.792713
0.825282
0.85809
0.891096
0.924254
0.957505
0.990787
1.02403
1.05715
1.09006
1.12267
1.15487
1.18657
1.21764
1.24796
1.27741
1.30585
1.33314
1.35921
1.38404
1.40764
1.43002
1.45121
1.47123
1.49012
1.50789
1.52458
1.54022
1.55489
1.56871
1.58187
1.59456
1.60696
1.61924
1.63157
1.64413
1.65705
1.6705
1.68461
1.69953
1.71538
1.73228
1.75036
1.76971
1.79043
1.81261
1.83634
1.8617
1.88875
1.91756
1.94818
1.98066
2.01504
2.05136
2.08964
2.1299
2.17213
2.21632
2.26246
2.3105
2.3604
2.41209
2.46547
2.52046
2.57692
2.63472
2.69371
2.75371
2.81454
2.876
2.93789
3
0
0.0249886
0.0499975
0.0750468
0.100157
0.125347
0.150638
0.176048
0.201598
0.227305
0.253189
0.279267
0.305556
0.332072
0.358832
0.38585
0.413139
0.440711
0.468578
0.496747
0.525227
0.554021
0.583131
0.612558
0.642297
0.67234
0.702675
0.733287
0.764155
0.79525
0.826542
0.857991
0.889551
0.921169
0.952788
0.984339
1.01575
1.04695
1.07784
1.10834
1.13835
1.16777
1.1965
1.22444
1.25147
1.27751
1.3025
1.3264
1.34921
1.37094
1.3916
1.41122
1.42982
1.44745
1.46413
1.47993
1.49493
1.50923
1.523
1.53637
1.54952
1.56259
1.57576
1.58916
1.60294
1.61726
1.63224
1.64802
1.66472
1.68248
1.70139
1.72158
1.74313
1.76615
1.79073
1.81695
1.84488
1.8746
1.90618
1.93967
1.97512
2.01258
2.05207
2.09363
2.13727
2.18297
2.23074
2.28053
2.3323
2.38599
2.44152
2.49877
2.55762
2.61793
2.67953
2.74224
2.80587
2.87019
2.93497
3
0
0.0241551
0.0483291
0.0725407
0.0968088
0.121152
0.145588
0.170136
0.194813
0.219636
0.244623
0.269789
0.295151
0.320722
0.346518
0.37255
0.398831
0.425371
0.452179
0.479262
0.506626
0.534272
0.562203
0.590415
0.618904
0.64766
0.67667
0.705919
0.735385
0.765041
0.794856
0.824793
0.854808
0.884854
0.914875
0.944811
0.974595
1.00416
1.03342
1.06231
1.09074
1.11862
1.14586
1.17239
1.19811
1.22296
1.24689
1.26987
1.29188
1.31294
1.33305
1.35224
1.37053
1.38797
1.40459
1.42047
1.43568
1.45033
1.46453
1.47843
1.49217
1.50588
1.51972
1.53382
1.54833
1.56337
1.57908
1.5956
1.61304
1.63153
1.65118
1.67209
1.69439
1.71816
1.74349
1.77049
1.79924
1.82981
1.86229
1.89673
1.93321
1.97177
2.01245
2.0553
2.10034
2.14757
2.19699
2.24858
2.3023
2.35808
2.41584
2.47548
2.53687
2.59985
2.66425
2.72988
2.7965
2.8639
2.93182
3
0
0.0233034
0.0466243
0.0699803
0.0933887
0.116867
0.140431
0.164099
0.187887
0.21181
0.235884
0.260124
0.284544
0.309157
0.333975
0.359011
0.384275
0.409774
0.435517
0.461509
0.487754
0.514254
0.541007
0.568011
0.595258
0.62274
0.650444
0.678351
0.706442
0.73469
0.763066
0.791534
0.820054
0.848582
0.877066
0.905452
0.933681
0.961689
0.989408
1.01677
1.0437
1.07012
1.09596
1.12116
1.14564
1.16935
1.19226
1.21432
1.23554
1.25591
1.27545
1.29418
1.31212
1.32932
1.34582
1.3617
1.37702
1.39188
1.4064
1.42068
1.43486
1.44907
1.46344
1.4781
1.49319
1.50883
1.52515
1.54228
1.56034
1.57944
1.59971
1.62125
1.64418
1.6686
1.69461
1.72231
1.75179
1.78314
1.81644
1.85178
1.88922
1.92884
1.97068
2.0148
2.06123
2.10999
2.16109
2.21452
2.27023
2.32818
2.38829
2.45045
2.51452
2.58035
2.64775
2.71651
2.78637
2.8571
2.9284
3
0
0.0224348
0.0448859
0.0673695
0.0899016
0.112498
0.135175
0.157947
0.18083
0.203838
0.226986
0.250286
0.273751
0.297394
0.321226
0.345255
0.369492
0.393944
0.418617
0.443515
0.468641
0.493994
0.519574
0.545376
0.571393
0.597615
0.624028
0.650616
0.677358
0.704229
0.731201
0.758241
0.785312
0.812371
0.839374
0.866271
0.893007
0.919527
0.945771
0.971676
0.997181
1.02222
1.04674
1.07067
1.09396
1.11658
1.13848
1.15965
1.18007
1.19974
1.21869
1.23692
1.25447
1.27139
1.28771
1.3035
1.31884
1.33381
1.34851
1.36305
1.37755
1.39212
1.40689
1.42198
1.43752
1.45363
1.47043
1.48804
1.5066
1.5262
1.54698
1.56905
1.59251
1.61748
1.64406
1.67236
1.70248
1.73452
1.76857
1.80473
1.84308
1.88369
1.92665
1.972
2.0198
2.07009
2.12288
2.17817
2.23594
2.29614
2.35869
2.4235
2.49043
2.55929
2.6299
2.70202
2.77539
2.84972
2.92469
3
0
0.0215507
0.0431164
0.0647121
0.0863527
0.108053
0.129827
0.15169
0.173654
0.195734
0.217941
0.240289
0.262789
0.285451
0.308286
0.331301
0.354506
0.377905
0.401503
0.425305
0.449311
0.473522
0.497933
0.522541
0.547338
0.572313
0.597453
0.622742
0.64816
0.673683
0.699285
0.724934
0.750597
0.776235
0.801807
0.827268
0.852569
0.877661
0.902491
0.927005
0.951148
0.974868
0.998113
1.02083
1.04299
1.06454
1.08546
1.10573
1.12536
1.14432
1.16265
1.18037
1.19749
1.21406
1.23014
1.24578
1.26104
1.27602
1.29081
1.30549
1.32018
1.33499
1.35004
1.36543
1.3813
1.39775
1.41491
1.43289
1.45182
1.47181
1.49299
1.51546
1.53934
1.56475
1.5918
1.6206
1.65126
1.6839
1.71861
1.7555
1.79468
1.83622
1.88022
1.92676
1.9759
2.02769
2.08217
2.13935
2.19922
2.26174
2.32685
2.39445
2.46439
2.53649
2.61055
2.6863
2.76345
2.84168
2.92066
3
0
0.0206521
0.041318
0.0620117
0.0827467
0.103537
0.124395
0.145334
0.166367
0.187506
0.208763
0.230148
0.251672
0.273344
0.295174
0.317168
0.339333
0.361675
0.384197
0.406902
0.42979
0.45286
0.476108
0.49953
0.523117
0.54686
0.570744
0.594754
0.618872
0.643075
0.667337
0.691631
0.715925
0.740183
0.764369
0.788442
0.812359
0.836075
0.859545
0.882722
0.905559
0.92801
0.950032
0.971584
0.992632
1.01315
1.03311
1.0525
1.07132
1.08956
1.10726
1.12442
1.14107
1.15726
1.17303
1.18844
1.20356
1.21845
1.23322
1.24794
1.26271
1.27765
1.29285
1.30843
1.32451
1.34118
1.35858
1.37681
1.396
1.41626
1.43771
1.46047
1.48466
1.5104
1.5378
1.56699
1.59809
1.63122
1.66648
1.70401
1.74391
1.7863
1.83127
1.87892
1.92935
1.98261
2.03876
2.09784
2.15985
2.22477
2.29254
2.36306
2.43619
2.51175
2.5895
2.66917
2.75043
2.83292
2.91625
3
0
0.0197402
0.0394932
0.0592717
0.0790883
0.0989553
0.118885
0.138889
0.158979
0.179167
0.199462
0.219874
0.240413
0.261088
0.281905
0.302872
0.323994
0.345275
0.366719
0.388326
0.410097
0.432031
0.454122
0.476366
0.498755
0.521278
0.543923
0.566674
0.589514
0.612422
0.635374
0.658344
0.681303
0.70422
0.72706
0.749789
0.772366
0.794754
0.816911
0.838798
0.860373
0.881599
0.902438
0.922858
0.942829
0.962328
0.981339
0.999852
1.01786
1.03538
1.05242
1.06899
1.08514
1.10089
1.1163
1.13142
1.14631
1.16104
1.17569
1.19035
1.20511
1.22006
1.23531
1.25096
1.26713
1.28391
1.30143
1.31979
1.33912
1.35953
1.38114
1.40407
1.42845
1.45439
1.48203
1.51149
1.54291
1.5764
1.61211
1.65016
1.69068
1.7338
1.77965
1.82833
1.87997
1.93464
1.99244
2.05341
2.11758
2.18495
2.25547
2.32906
2.40557
2.48482
2.56654
2.65045
2.73617
2.82331
2.91141
3
0
0.0188162
0.0376441
0.0564954
0.0753816
0.0943141
0.113304
0.132362
0.151499
0.170725
0.190049
0.20948
0.229026
0.248696
0.268495
0.28843
0.308504
0.328722
0.349086
0.369597
0.390254
0.411055
0.431995
0.45307
0.474271
0.495588
0.517009
0.538519
0.560102
0.581739
0.603407
0.625082
0.646739
0.668349
0.689881
0.711302
0.73258
0.753679
0.774565
0.795202
0.815555
0.835592
0.855283
0.874598
0.893516
0.912017
0.930089
0.947725
0.964925
0.981696
0.998052
1.01402
1.02962
1.04489
1.05988
1.07464
1.08923
1.10372
1.11817
1.13268
1.14732
1.16219
1.17738
1.193
1.20914
1.22592
1.24344
1.26182
1.28117
1.30161
1.32326
1.34624
1.37068
1.39671
1.42445
1.45406
1.48565
1.51939
1.5554
1.59384
1.63485
1.67859
1.72519
1.7748
1.82755
1.88357
1.94295
2.00578
2.07212
2.14199
2.21535
2.29214
2.37222
2.4554
2.54141
2.62991
2.72051
2.81274
2.90609
3
0
0.017881
0.0357727
0.0536858
0.0716309
0.0896183
0.107658
0.12576
0.143934
0.162189
0.180534
0.198976
0.217523
0.236181
0.254957
0.273855
0.292879
0.312033
0.331317
0.350732
0.370277
0.38995
0.409746
0.429659
0.449683
0.469806
0.490018
0.510305
0.530651
0.551038
0.571447
0.591854
0.612238
0.632571
0.652826
0.672975
0.692988
0.712835
0.732484
0.751905
0.77107
0.789949
0.808518
0.826754
0.844637
0.862153
0.879292
0.896051
0.912432
0.928443
0.944099
0.959421
0.974439
0.989188
1.00371
1.01805
1.03228
1.04644
1.06062
1.07488
1.08932
1.10401
1.11904
1.13452
1.15054
1.1672
1.18462
1.2029
1.22215
1.2425
1.26406
1.28697
1.31134
1.33731
1.36503
1.39464
1.42628
1.4601
1.49627
1.53496
1.57631
1.62052
1.66774
1.71814
1.77189
1.82913
1.89002
1.95466
2.02315
2.09553
2.17181
2.25193
2.33579
2.42316
2.51379
2.60729
2.70322
2.80105
2.90019
3
0
0.0169356
0.033881
0.0508459
0.06784
0.0848726
0.101953
0.11909
0.136293
0.153569
0.170927
0.188373
0.205914
0.223556
0.241304
0.259162
0.277133
0.295221
0.313425
0.331746
0.350183
0.368732
0.38739
0.40615
0.425006
0.443948
0.462965
0.482044
0.501171
0.520329
0.539501
0.558665
0.577801
0.596885
0.615893
0.6348
0.653578
0.672203
0.690646
0.708882
0.726886
0.744633
0.762104
0.779278
0.796141
0.812681
0.828892
0.844773
0.860326
0.875562
0.890495
0.905148
0.919547
0.933728
0.947731
0.961603
0.975398
0.989174
1.003
1.01694
1.03108
1.0455
1.06028
1.07552
1.09131
1.10775
1.12495
1.14301
1.16205
1.18219
1.20354
1.22623
1.25041
1.27619
1.30374
1.3332
1.36472
1.39848
1.43465
1.47341
1.51494
1.55944
1.60711
1.65814
1.71273
1.77107
1.83334
1.8997
1.97028
2.04517
2.12442
2.20801
2.29582
2.38768
2.48328
2.58224
2.68403
2.78806
2.89364
3
0
0.0159809
0.0319707
0.0479783
0.0640124
0.0800816
0.0961943
0.112359
0.128582
0.144872
0.161236
0.17768
0.19421
0.210831
0.227547
0.244362
0.261279
0.2783
0.295425
0.312654
0.329985
0.347415
0.364941
0.382556
0.400254
0.418026
0.435861
0.453747
0.471672
0.48962
0.507574
0.525517
0.543429
0.561289
0.579075
0.596766
0.614337
0.631766
0.64903
0.666106
0.682972
0.69961
0.716
0.732129
0.747983
0.763555
0.778839
0.793837
0.808553
0.822998
0.837188
0.851143
0.86489
0.878463
0.8919
0.905246
0.918552
0.931873
0.945272
0.958816
0.972578
0.986636
1.00107
1.01597
1.03144
1.04755
1.06442
1.08216
1.10087
1.12067
1.14168
1.16404
1.18787
1.21332
1.24054
1.26969
1.30094
1.33446
1.37045
1.4091
1.45061
1.49521
1.54312
1.59458
1.64982
1.70908
1.77257
1.84052
1.9131
1.99047
2.07271
2.15985
2.25182
2.34845
2.44943
2.55434
2.66261
2.77353
2.88629
3
0
0.0150178
0.0300437
0.0450857
0.0601517
0.0752495
0.0903867
0.105571
0.120808
0.136106
0.15147
0.166907
0.182421
0.198017
0.213698
0.229468
0.245329
0.261283
0.277329
0.293467
0.309696
0.326013
0.342412
0.35889
0.375439
0.392051
0.408716
0.425424
0.442162
0.458916
0.475672
0.492413
0.509122
0.525779
0.542367
0.558865
0.575252
0.591509
0.607616
0.623553
0.639303
0.654848
0.670174
0.685269
0.700123
0.71473
0.729088
0.743198
0.757067
0.770706
0.78413
0.79736
0.810422
0.823348
0.836175
0.848945
0.861705
0.874509
0.887415
0.900487
0.913795
0.927411
0.941414
0.955889
0.970924
0.986612
1.00305
1.02035
1.03861
1.05795
1.0785
1.10038
1.12373
1.14869
1.17543
1.20411
1.2349
1.26799
1.3036
1.34192
1.3832
1.42767
1.4756
1.52726
1.58291
1.64285
1.70736
1.77671
1.85115
1.9309
2.01611
2.10687
2.20317
2.30486
2.41166
2.52309
2.63853
2.75716
2.87801
3
0
0.014047
0.0281014
0.0421703
0.0562609
0.0703803
0.0845351
0.0987322
0.112978
0.127277
0.141637
0.156061
0.170555
0.185122
0.199766
0.214489
0.229293
0.24418
0.259149
0.274199
0.289329
0.304535
0.319815
0.335162
0.35057
0.366032
0.381539
0.397081
0.412646
0.428223
0.443796
0.459353
0.474877
0.490352
0.505761
0.521086
0.53631
0.551415
0.566385
0.581202
0.595851
0.610319
0.624593
0.638663
0.652523
0.666168
0.679598
0.692814
0.705826
0.718642
0.73128
0.743759
0.756105
0.768347
0.780521
0.792666
0.804828
0.817056
0.829406
0.841937
0.854716
0.867811
0.881298
0.895256
0.909771
0.924932
0.940835
0.957582
0.975279
0.994042
1.01399
1.03526
1.05798
1.0823
1.10839
1.13641
1.16656
1.19903
1.23403
1.2718
1.3126
1.35669
1.40437
1.45594
1.51172
1.57207
1.63732
1.70781
1.78389
1.86586
1.95396
2.04836
2.14913
2.25618
2.36925
2.48784
2.61126
2.73856
2.86858
3
0
0.0130694
0.0261454
0.0392345
0.0523431
0.0654775
0.078644
0.0918482
0.105096
0.118392
0.131742
0.145151
0.158621
0.172157
0.185761
0.199435
0.213182
0.227002
0.240894
0.254858
0.268892
0.282993
0.297158
0.311381
0.325657
0.339978
0.354337
0.368724
0.38313
0.397542
0.411949
0.426337
0.440693
0.455002
0.46925
0.483421
0.497499
0.51147
0.525318
0.53903
0.552593
0.565996
0.579228
0.592281
0.605151
0.617835
0.630333
0.64265
0.654792
0.666771
0.678602
0.690305
0.701905
0.713428
0.724909
0.736384
0.747897
0.759494
0.771228
0.783153
0.795333
0.807832
0.820722
0.834079
0.847984
0.862522
0.877787
0.893876
0.910895
0.928956
0.948178
0.968691
0.990634
1.01416
1.03942
1.06661
1.09591
1.12753
1.1617
1.19867
1.23871
1.28213
1.32924
1.3804
1.43598
1.49638
1.56203
1.63334
1.71076
1.79469
1.8855
1.98348
2.08881
2.20149
2.3213
2.44777
2.58012
2.71724
2.85775
3
0
0.0120856
0.0241771
0.0362803
0.048401
0.0605448
0.0727173
0.0849235
0.0971687
0.109457
0.121794
0.134182
0.146626
0.159127
0.17169
0.184315
0.197004
0.209757
0.222574
0.235454
0.248396
0.261396
0.274451
0.287556
0.300707
0.313896
0.327116
0.340359
0.353616
0.366876
0.380129
0.393363
0.406566
0.419725
0.432827
0.445859
0.458807
0.471658
0.484399
0.49702
0.509508
0.521855
0.534053
0.546095
0.557978
0.5697
0.581263
0.592672
0.603933
0.615059
0.626065
0.636968
0.647792
0.658564
0.669314
0.680077
0.690895
0.701809
0.712869
0.724127
0.735642
0.747474
0.759692
0.772366
0.785573
0.799397
0.813925
0.829252
0.84548
0.862718
0.881084
0.900705
0.92172
0.94428
0.968547
0.994703
1.02294
1.05349
1.08658
1.12247
1.16146
1.20388
1.25008
1.30045
1.35542
1.41546
1.48107
1.55277
1.63112
1.71665
1.80988
1.91127
2.02114
2.13966
2.2667
2.40183
2.54421
2.69255
2.84516
3
0
0.0110963
0.0221978
0.0333097
0.0444372
0.0555853
0.0667589
0.0779626
0.0892008
0.100478
0.111797
0.123162
0.134576
0.146042
0.157562
0.169136
0.180767
0.192454
0.204197
0.215996
0.227848
0.23975
0.251701
0.263694
0.275726
0.28779
0.29988
0.311989
0.324107
0.336227
0.348338
0.360431
0.372493
0.384515
0.396485
0.408391
0.420221
0.431965
0.443612
0.455152
0.466576
0.477876
0.489045
0.500079
0.510976
0.521736
0.532359
0.542852
0.553222
0.56348
0.573641
0.583721
0.593743
0.603732
0.613716
0.623729
0.633806
0.643989
0.654323
0.664856
0.675644
0.686742
0.698215
0.710129
0.722557
0.735578
0.749274
0.763737
0.779065
0.795362
0.812744
0.831335
0.851271
0.872701
0.89579
0.920717
0.947684
0.976913
1.00865
1.04318
1.0808
1.12186
1.16675
1.21591
1.2698
1.32898
1.39402
1.46556
1.54429
1.6309
1.72611
1.83057
1.94484
2.0693
2.20401
2.34864
2.50233
2.66359
2.83035
3
0
0.010102
0.0202087
0.0303245
0.0404542
0.0506021
0.0607724
0.0709694
0.0811968
0.0914584
0.101757
0.112097
0.12248
0.132908
0.143383
0.153906
0.164479
0.175101
0.185771
0.19649
0.207255
0.218064
0.228914
0.2398
0.25072
0.261666
0.272634
0.283616
0.294606
0.305595
0.316575
0.327536
0.33847
0.349366
0.360216
0.371007
0.381732
0.39238
0.402943
0.413411
0.423777
0.434036
0.444182
0.454212
0.464123
0.473917
0.483596
0.493166
0.502633
0.512009
0.521307
0.530544
0.539739
0.548916
0.558101
0.567325
0.576622
0.586028
0.595587
0.605342
0.615344
0.625646
0.636306
0.647388
0.658958
0.671091
0.683866
0.697367
0.711688
0.72693
0.743203
0.760627
0.779335
0.799473
0.821201
0.8447
0.87017
0.897835
0.927948
0.960794
0.996694
1.03601
1.07917
1.12662
1.17891
1.23664
1.30048
1.37118
1.44958
1.53657
1.63308
1.74006
1.85836
1.98869
2.13141
2.2864
2.45286
2.62914
2.81264
3
0
0.00910343
0.0182109
0.0273265
0.0364542
0.0455978
0.0547611
0.0639478
0.0731612
0.0824045
0.0916806
0.100992
0.110341
0.11973
0.129159
0.138631
0.148146
0.157703
0.167303
0.176944
0.186624
0.196343
0.206096
0.215881
0.225693
0.235528
0.24538
0.255244
0.265113
0.274979
0.284837
0.294677
0.304492
0.314273
0.324012
0.3337
0.343328
0.35289
0.362376
0.37178
0.381096
0.390319
0.399445
0.408471
0.417397
0.426223
0.434953
0.443591
0.452145
0.460626
0.469044
0.477417
0.485762
0.494101
0.502457
0.510859
0.519337
0.527926
0.536663
0.54559
0.554753
0.5642
0.573985
0.584166
0.594806
0.605972
0.617738
0.630185
0.643399
0.657475
0.672519
0.688644
0.705977
0.72466
0.744848
0.766718
0.790466
0.816315
0.844518
0.875362
0.909177
0.94634
0.987283
1.03251
1.08259
1.13819
1.20007
1.2691
1.34628
1.43271
1.5296
1.63822
1.75986
1.89568
2.04653
2.2127
2.3936
2.58745
2.79108
3
0
0.00810107
0.0162057
0.0243172
0.0324393
0.0405752
0.0487282
0.0569014
0.0650979
0.0733202
0.081571
0.0898523
0.0981663
0.106514
0.114898
0.123318
0.131774
0.140268
0.148797
0.157362
0.165961
0.174592
0.183253
0.191939
0.200649
0.209378
0.218121
0.226873
0.235628
0.24438
0.253124
0.261851
0.270556
0.27923
0.287867
0.29646
0.305
0.313482
0.321899
0.330246
0.338516
0.346707
0.354816
0.36284
0.370779
0.378634
0.386409
0.394109
0.40174
0.409312
0.416836
0.424327
0.431801
0.439276
0.446776
0.454324
0.46195
0.469683
0.477558
0.485612
0.493886
0.502425
0.511277
0.520494
0.530135
0.54026
0.550938
0.562243
0.574254
0.587061
0.60076
0.615459
0.631277
0.648348
0.666821
0.686864
0.708667
0.732447
0.758451
0.786966
0.818318
0.852889
0.891124
0.93354
0.980747
1.03346
1.09251
1.15889
1.23374
1.3184
1.41438
1.52337
1.64719
1.78765
1.94633
2.12426
2.32138
2.53598
2.76422
3
0
0.00709545
0.0141939
0.0212982
0.0284115
0.0355367
0.0426765
0.0498336
0.0570106
0.0642097
0.0714331
0.0786827
0.0859601
0.0932666
0.100603
0.107971
0.11537
0.1228
0.13026
0.137751
0.14527
0.152817
0.160388
0.16798
0.175592
0.18322
0.190858
0.198504
0.206152
0.213797
0.221433
0.229055
0.236656
0.244231
0.251774
0.259278
0.266737
0.274146
0.2815
0.288794
0.296024
0.303186
0.310279
0.3173
0.324252
0.331133
0.337949
0.344703
0.351402
0.358054
0.36467
0.371262
0.377845
0.384435
0.391053
0.397721
0.404463
0.411306
0.418281
0.425421
0.432762
0.440343
0.448209
0.456406
0.464985
0.474003
0.483519
0.4936
0.50432
0.51576
0.528007
0.54116
0.55533
0.57064
0.587229
0.605255
0.624896
0.646359
0.669881
0.695735
0.724243
0.75578
0.790786
0.829788
0.873406
0.922388
0.977628
1.0402
1.11139
1.19276
1.28614
1.3937
1.51789
1.66139
1.82689
2.01663
2.23168
2.4709
2.7298
3
0
0.00608708
0.0121766
0.018271
0.0243728
0.0304846
0.0366087
0.0427474
0.0489028
0.0550768
0.0612713
0.0674876
0.0737273
0.0799915
0.0862809
0.0925961
0.0989373
0.105305
0.111698
0.118115
0.124557
0.131021
0.137505
0.144007
0.150525
0.157055
0.163594
0.170139
0.176684
0.183227
0.189762
0.196284
0.202789
0.209271
0.215725
0.222147
0.228531
0.234873
0.241168
0.247413
0.253605
0.259741
0.265819
0.271839
0.2778
0.283706
0.289557
0.295359
0.301118
0.306839
0.312534
0.318213
0.323887
0.329574
0.335288
0.34105
0.346881
0.352804
0.358846
0.365035
0.371403
0.377985
0.384817
0.391942
0.399404
0.407252
0.41554
0.424325
0.433674
0.443656
0.454352
0.46585
0.478248
0.491658
0.506206
0.522034
0.539308
0.558217
0.578981
0.601856
0.627144
0.655203
0.686458
0.721421
0.760706
0.805066
0.855417
0.912889
0.978879
1.05512
1.14374
1.24739
1.36927
1.51314
1.68321
1.88368
2.11781
2.38613
2.68409
3
0
0.00507649
0.0101547
0.0152368
0.0203249
0.0254211
0.0305275
0.0356459
0.0407779
0.0459252
0.0510892
0.0562713
0.0614723
0.0666934
0.0719351
0.0771978
0.0824818
0.087787
0.093113
0.0984591
0.103825
0.109208
0.114608
0.120022
0.125449
0.130885
0.136329
0.141776
0.147224
0.15267
0.158108
0.163536
0.168949
0.174343
0.179714
0.185058
0.190372
0.19565
0.200891
0.206091
0.211248
0.216359
0.221423
0.226441
0.231412
0.236337
0.241221
0.246065
0.250875
0.255658
0.260421
0.265173
0.269925
0.27469
0.279482
0.284316
0.289212
0.294189
0.299268
0.304475
0.309836
0.31538
0.321138
0.327147
0.333442
0.340067
0.347067
0.354492
0.362397
0.370844
0.379901
0.389644
0.400159
0.411543
0.423905
0.437372
0.452089
0.468224
0.485973
0.505566
0.527278
0.551434
0.578427
0.608733
0.642935
0.681754
0.726088
0.777065
0.836119
0.905082
0.986315
1.08287
1.19866
1.33869
1.50912
1.7171
1.96974
2.27171
2.62044
3
0
0.00406433
0.00812932
0.012197
0.0162694
0.0203483
0.0244352
0.0285317
0.0326389
0.0367583
0.0408908
0.0450375
0.0491992
0.0533766
0.0575703
0.0617805
0.0660074
0.070251
0.0745108
0.0787864
0.0830771
0.0873818
0.0916993
0.096028
0.100366
0.104712
0.109063
0.113417
0.117771
0.122123
0.126469
0.130806
0.135132
0.139442
0.143735
0.148005
0.152252
0.156471
0.16066
0.164817
0.16894
0.173028
0.177079
0.181094
0.185073
0.189016
0.192928
0.196809
0.200665
0.204501
0.208322
0.212137
0.215954
0.219784
0.223637
0.227526
0.231467
0.235475
0.239569
0.243767
0.248091
0.252565
0.257215
0.262068
0.267156
0.272512
0.278174
0.284183
0.290584
0.297427
0.304768
0.31267
0.321205
0.330452
0.340504
0.351464
0.363456
0.37662
0.391123
0.407162
0.42497
0.44483
0.467084
0.492151
0.520549
0.55293
0.590116
0.633165
0.68345
0.742781
0.813573
0.899095
1.00381
1.13383
1.2975
1.50584
1.77235
2.11052
2.52597
3
0
0.00305163
0.00610148
0.00915289
0.0122079
0.015268
0.0183342
0.0214075
0.0244889
0.0275792
0.0306793
0.03379
0.0369118
0.0400452
0.0431906
0.0463483
0.0495183
0.0527006
0.055895
0.059101
0.062318
0.0655453
0.0687821
0.072027
0.0752789
0.0785362
0.0817974
0.0850605
0.0883236
0.0915847
0.0948415
0.0980918
0.101333
0.104563
0.10778
0.11098
0.114163
0.117325
0.120465
0.123581
0.126672
0.129737
0.132776
0.135787
0.138772
0.141732
0.144668
0.147583
0.15048
0.153362
0.156235
0.159104
0.161976
0.164858
0.167759
0.170689
0.173659
0.176681
0.179768
0.182936
0.1862
0.189578
0.19309
0.196758
0.200604
0.204655
0.208938
0.213485
0.218331
0.223514
0.229076
0.235068
0.241542
0.248561
0.256195
0.264528
0.273652
0.28368
0.294741
0.30699
0.320613
0.335835
0.352931
0.372239
0.394183
0.419302
0.448284
0.482031
0.521738
0.569018
0.626103
0.696135
0.78365
0.895334
1.04121
1.23642
1.50329
1.87205
2.37293
3
0
0.0020408
0.00407229
0.00610541
0.00814185
0.0101821
0.0122266
0.0142759
0.0163306
0.0183912
0.0204583
0.0225324
0.0246138
0.0267029
0.0288
0.0309051
0.0330184
0.0351398
0.0372691
0.0394061
0.0415503
0.0437013
0.0458585
0.048021
0.0501881
0.0523588
0.0545318
0.0567062
0.0588804
0.0610532
0.0632232
0.0653887
0.0675483
0.0697004
0.0718435
0.0739759
0.0760964
0.0782034
0.0802959
0.0823727
0.0844329
0.086476
0.0885015
0.0905095
0.0925003
0.0944745
0.0964333
0.0983783
0.100312
0.102236
0.104154
0.106071
0.107989
0.109916
0.111855
0.113815
0.115802
0.117824
0.11989
0.122011
0.124197
0.12646
0.128814
0.131272
0.133851
0.136567
0.13944
0.142491
0.145743
0.149223
0.152959
0.156984
0.161335
0.166055
0.171192
0.176801
0.182948
0.189708
0.197172
0.205446
0.214659
0.224969
0.236566
0.249691
0.264644
0.28181
0.301689
0.324939
0.352451
0.385453
0.425686
0.475693
0.539324
0.622638
0.735599
0.895329
1.13234
1.50147
2.09369
3
0
0.00103934
0.00204159
0.00305479
0.0040722
0.0050922
0.00611452
0.00713931
0.00816679
0.00919725
0.0102309
0.0112681
0.0123089
0.0133535
0.0144021
0.0154547
0.0165113
0.017572
0.0186366
0.019705
0.020777
0.0218524
0.0229308
0.0240119
0.0250952
0.0261802
0.0272665
0.0283533
0.0294401
0.0305262
0.0316108
0.0326932
0.0337727
0.0348483
0.0359195
0.0369854
0.0380453
0.0390986
0.0401446
0.0411827
0.0422127
0.0432342
0.044247
0.0452511
0.0462467
0.0472341
0.0482139
0.049187
0.0501543
0.0511172
0.0520774
0.0530367
0.0539974
0.0549621
0.0559335
0.0569152
0.0579106
0.058924
0.0599598
0.061023
0.062119
0.0632539
0.0644343
0.0656674
0.0669611
0.0683241
0.069766
0.0712975
0.0729302
0.0746774
0.0765537
0.0785757
0.0807621
0.0831343
0.0857168
0.088538
0.0916308
0.0950339
0.0987932
0.102963
0.10761
0.112815
0.118676
0.125316
0.132894
0.141608
0.151722
0.163586
0.177676
0.194658
0.215495
0.241628
0.275314
0.320295
0.383217
0.476959
0.629276
0.907786
1.50038
3
3.75e-05
7.5e-05
0
5.102e-08
1.01807e-07
1.52635e-07
2.03546e-07
2.54552e-07
3.05664e-07
3.56897e-07
4.08264e-07
4.5978e-07
5.11458e-07
5.6331e-07
6.15345e-07
6.67573e-07
7.2e-07
7.72628e-07
8.2546e-07
8.78494e-07
9.31727e-07
9.85151e-07
1.03876e-06
1.09253e-06
1.14646e-06
1.20053e-06
1.2547e-06
1.30897e-06
1.3633e-06
1.41765e-06
1.47201e-06
1.52633e-06
1.58058e-06
1.63472e-06
1.68871e-06
1.74251e-06
1.79609e-06
1.8494e-06
1.90241e-06
1.95509e-06
2.0074e-06
2.05932e-06
2.11082e-06
2.1619e-06
2.21254e-06
2.26274e-06
2.31251e-06
2.36186e-06
2.41083e-06
2.45946e-06
2.50779e-06
2.55589e-06
2.60385e-06
2.65176e-06
2.69973e-06
2.74789e-06
2.79638e-06
2.84537e-06
2.89504e-06
2.94559e-06
2.99725e-06
3.05028e-06
3.10493e-06
3.16151e-06
3.22035e-06
3.2818e-06
3.34626e-06
3.41417e-06
3.486e-06
3.56228e-06
3.64358e-06
3.73057e-06
3.82397e-06
3.9246e-06
4.03338e-06
4.15138e-06
4.27979e-06
4.42002e-06
4.57369e-06
4.7427e-06
4.92929e-06
5.13615e-06
5.36648e-06
5.62422e-06
5.91416e-06
6.24228e-06
6.61611e-06
7.04526e-06
7.54222e-06
8.12348e-06
8.81128e-06
9.63633e-06
1.06422e-05
1.18923e-05
1.34831e-05
1.55659e-05
1.839e-05
2.23832e-05
2.83085e-05
3
